vectorid x y t strokeid

0 47 60 22 0
1 46 62 46 0
2 44 64 61 0
3 40 73 78 0
4 34 83 95 0
5 27 93 111 0
6 21 102 128 0
7 17 112 144 0
8 14 121 161 0
9 10 130 178 0
10 5 137 195 0
11 3 144 211 0
12 1 148 227 0
13 0 149 415 0
14 119 71 67 1
15 117 75 83 1
16 112 83 99 1
17 106 91 116 1
18 100 103 133 1
19 91 118 149 1
20 85 128 166 1
21 79 137 183 1
22 73 147 200 1
23 68 156 217 1
24 62 165 233 1
25 59 172 249 1
26 56 176 266 1
27 52 182 283 1
28 50 187 299 1
29 48 192 316 1
30 46 196 333 1
31 44 202 350 1
32 43 205 366 1
33 41 209 383 1
34 41 211 399 1
35 39 214 416 1
36 39 217 433 1
37 37 220 449 1
38 36 224 466 1
39 34 227 483 1
40 33 231 500 1
41 33 235 517 1
42 31 239 532 1
43 29 245 549 1
44 29 248 566 1
45 28 250 583 1
46 27 253 599 1
47 26 255 742 1
48 5 113 45 2
49 4 111 68 2
50 3 110 79 2
51 3 108 95 2
52 2 104 112 2
53 2 99 128 2
54 2 94 145 2
55 0 87 162 2
56 0 81 178 2
57 0 76 195 2
58 0 73 212 2
59 0 69 228 2
60 0 64 245 2
61 0 56 261 2
62 0 51 278 2
63 0 46 295 2
64 0 40 311 2
65 1 33 328 2
66 2 29 345 2
67 5 24 362 2
68 7 19 378 2
69 11 14 395 2
70 14 10 412 2
71 20 6 428 2
72 25 3 445 2
73 28 2 462 2
74 29 1 479 2
75 32 0 495 2
76 33 0 511 2
77 37 0 528 2
78 43 0 545 2
79 50 0 562 2
80 52 1 578 2
81 56 2 595 2
82 60 5 611 2
83 64 7 628 2
84 69 11 645 2
85 76 17 661 2
86 79 19 679 2
87 82 21 694 2
88 84 24 711 2
89 86 26 728 2
90 87 30 745 2
91 88 33 762 2
92 88 35 779 2
93 88 37 964 2
94 88 36 21 3
95 87 35 45 3
96 87 35 76 3
97 86 35 93 3
98 85 35 109 3
99 84 35 132 3
100 83 35 156 3
101 83 35 168 3
102 81 37 185 3
103 79 41 201 3
104 78 45 218 3
105 76 48 235 3
106 76 51 251 3
107 76 52 268 3
108 76 53 284 3
109 76 54 301 3
110 76 53 388 3
111 75 52 402 3
112 75 48 419 3
113 75 46 434 3
114 75 44 451 3
115 75 43 468 3
116 75 41 485 3
117 76 41 532 3
118 77 40 549 3
119 79 39 568 3
120 79 39 588 3
121 81 38 601 3
122 82 38 621 3
123 83 38 634 3
124 86 38 651 3
125 88 39 668 3
126 92 39 684 3
127 93 39 701 3
128 94 40 718 3
129 95 40 756 3
130 96 41 773 3
131 97 41 785 3
132 98 41 801 3
133 99 43 818 3
134 101 44 834 3
135 102 44 852 3
136 102 44 868 3
137 103 46 885 3
138 104 47 901 3
139 104 48 980 3
140 104 48 988 3
141 103 48 1013 3
142 102 48 1021 3
143 101 48 1034 3
144 97 48 1051 3
145 94 48 1068 3
146 89 48 1085 3
147 86 48 1101 3
148 85 48 1118 3
149 83 48 1325 3
150 81 60 45 4
151 80 61 60 4
152 79 65 77 4
153 76 71 94 4
154 75 75 110 4
155 75 78 127 4
156 75 79 213 4
157 79 65 12 5
158 80 66 30 5
159 83 72 46 5
160 83 75 62 5
161 83 76 141 5
162 94 56 5 6
163 95 59 21 6
164 98 64 38 6
165 99 68 55 6
166 101 71 71 6
167 102 75 88 6
168 103 76 105 6
169 103 77 165 6
170 59 97 30 7
171 59 99 39 7
172 59 103 55 7
173 58 106 72 7
174 57 110 88 7
175 55 113 105 7
176 53 115 122 7
177 53 116 139 7
178 53 117 156 7
179 52 118 161 7
180 37 146 18 8
181 37 148 36 8
182 37 150 52 8
183 36 151 69 8
184 36 152 85 8
185 35 154 97 8
186 25 184 17 9
187 24 187 34 9
188 23 189 50 9
189 22 191 69 9
190 20 193 84 9
191 18 195 101 9
192 14 200 120 9
193 2 230 17 10
194 2 231 34 10
195 2 232 115 10
196 69 80 16 11
197 69 79 32 11
198 69 78 49 11
199 68 77 65 11
200 67 76 82 11
201 66 74 99 11
202 63 71 116 11
203 60 68 131 11
204 58 67 148 11
205 56 66 165 11
206 55 65 181 11
207 52 63 198 11
208 49 61 215 11
209 46 60 232 11
210 43 59 249 11
211 40 59 265 11
212 35 59 282 11
213 30 59 298 11
214 27 59 315 11
215 23 60 332 11
216 21 60 349 11
217 19 62 365 11
218 18 63 382 11
219 14 66 398 11
220 10 71 415 11
221 8 74 431 11
222 6 80 448 11
223 4 82 465 11
224 3 86 482 11
225 1 94 498 11
226 1 97 515 11
227 0 103 532 11
228 0 108 548 11
229 0 117 565 11
230 0 122 581 11
231 2 132 598 11
232 4 139 615 11
233 5 144 632 11
234 8 150 648 11
235 10 155 665 11
236 13 161 682 11
237 17 167 699 11
238 21 172 715 11
239 24 175 732 11
240 27 178 748 11
241 30 180 765 11
242 32 181 781 11
243 35 182 798 11
244 40 183 815 11
245 43 184 832 11
246 49 184 848 11
247 53 185 865 11
248 55 185 882 11
249 58 185 898 11
250 62 184 915 11
251 65 183 932 11
252 67 181 948 11
253 70 179 965 11
254 72 176 982 11
255 74 173 998 11
256 76 170 1014 11
257 77 168 1031 11
258 78 164 1048 11
259 78 160 1064 11
260 80 157 1081 11
261 80 154 1098 11
262 80 150 1115 11
263 80 147 1131 11
264 80 144 1148 11
265 80 140 1164 11
266 80 134 1182 11
267 79 129 1198 11
268 78 126 1214 11
269 78 124 1231 11
270 78 122 1248 11
271 77 119 1265 11
272 76 116 1282 11
273 74 113 1298 11
274 74 110 1315 11
275 73 107 1331 11
276 72 105 1348 11
277 72 104 1365 11
278 71 101 1381 11
279 71 99 1398 11
280 71 97 1415 11
281 70 94 1431 11
282 70 93 1448 11
283 70 91 1464 11
284 70 89 1481 11
285 70 88 1498 11
286 70 87 1515 11
287 70 85 1532 11
288 70 84 1548 11
289 70 83 1717 11
290 245 62 14 12
291 244 61 21 12
292 242 60 37 12
293 241 60 51 12
294 238 59 68 12
295 235 57 85 12
296 231 57 101 12
297 226 57 118 12
298 220 57 134 12
299 212 57 151 12
300 206 60 168 12
301 202 62 184 12
302 200 66 202 12
303 196 71 218 12
304 193 80 235 12
305 192 89 252 12
306 189 100 267 12
307 187 112 285 12
308 185 125 301 12
309 185 133 317 12
310 186 141 334 12
311 189 148 351 12
312 193 156 368 12
313 197 162 384 12
314 201 168 401 12
315 205 173 417 12
316 208 176 435 12
317 212 178 451 12
318 214 181 467 12
319 218 182 484 12
320 220 184 501 12
321 224 184 518 12
322 228 184 535 12
323 232 184 552 12
324 237 184 567 12
325 241 181 584 12
326 244 179 601 12
327 248 175 618 12
328 251 170 635 12
329 252 162 651 12
330 254 158 668 12
331 255 152 685 12
332 255 147 701 12
333 255 142 718 12
334 255 133 735 12
335 254 125 750 12
336 253 118 768 12
337 251 113 784 12
338 251 108 801 12
339 250 104 818 12
340 250 102 834 12
341 249 99 851 12
342 248 97 868 12
343 248 96 885 12
344 248 94 902 12
345 248 92 918 12
346 247 91 934 12
347 247 91 990 12
348 51 112 29 13
349 52 112 45 13
350 53 112 60 13
351 55 112 76 13
352 61 113 93 13
353 68 116 109 13
354 79 117 126 13
355 94 119 142 13
356 112 120 159 13
357 128 121 176 13
358 139 121 193 13
359 146 121 209 13
360 151 121 226 13
361 158 121 243 13
362 167 121 259 13
363 177 121 276 13
364 189 121 292 13
365 207 119 309 13
366 214 117 326 13
367 220 116 342 13
368 223 116 359 13
369 224 116 533 13
370 223 106 45 14
371 222 106 53 14
372 220 105 64 14
373 218 103 76 14
374 215 99 93 14
375 212 95 109 14
376 209 88 126 14
377 206 83 143 14
378 205 79 160 14
379 203 74 176 14
380 200 68 193 14
381 197 60 209 14
382 195 55 226 14
383 193 49 243 14
384 190 43 259 14
385 188 38 276 14
386 186 32 292 14
387 185 29 309 14
388 185 27 326 14
389 184 26 350 14
390 184 25 359 14
391 184 24 376 14
392 184 21 392 14
393 184 20 409 14
394 184 22 510 14
395 184 24 525 14
396 184 28 542 14
397 184 32 559 14
398 182 38 576 14
399 181 42 593 14
400 178 48 609 14
401 176 53 626 14
402 175 56 642 14
403 175 53 765 14
404 175 50 775 14
405 177 46 793 14
406 178 40 809 14
407 181 36 826 14
408 182 32 843 14
409 183 27 860 14
410 184 23 876 14
411 186 19 893 14
412 188 15 909 14
413 188 13 926 14
414 187 13 1142 14
415 186 13 1149 14
416 185 13 1163 14
417 182 13 1175 14
418 178 13 1192 14
419 173 13 1209 14
420 172 13 1226 14
421 170 12 1243 14
422 169 11 1259 14
423 167 10 1276 14
424 165 9 1293 14
425 162 7 1308 14
426 160 4 1326 14
427 158 4 1343 14
428 157 3 1359 14
429 156 1 1376 14
430 156 0 1494 14
431 133 94 14 15
432 133 96 46 15
433 133 97 60 15
434 133 104 76 15
435 131 113 93 15
436 130 120 110 15
437 130 130 126 15
438 130 135 143 15
439 130 136 160 15
440 130 137 177 15
441 130 138 286 15
442 0 142 43 16
443 3 142 60 16
444 5 141 76 16
445 8 139 93 16
446 8 139 109 16
447 12 137 127 16
448 14 136 144 16
449 15 135 160 16
450 17 134 177 16
451 20 132 193 16
452 22 129 210 16
453 24 125 227 16
454 24 120 243 16
455 26 117 260 16
456 28 111 276 16
457 30 104 293 16
458 32 99 310 16
459 32 95 326 16
460 32 91 343 16
461 34 88 360 16
462 35 84 376 16
463 35 80 393 16
464 35 75 409 16
465 35 71 426 16
466 35 67 443 16
467 36 64 459 16
468 36 61 476 16
469 36 56 493 16
470 37 54 510 16
471 39 50 526 16
472 40 45 543 16
473 40 43 560 16
474 42 40 577 16
475 44 38 594 16
476 46 34 610 16
477 48 30 627 16
478 51 28 643 16
479 53 24 660 16
480 56 23 676 16
481 61 21 693 16
482 63 19 710 16
483 67 16 726 16
484 70 14 743 16
485 72 12 760 16
486 77 11 776 16
487 81 8 793 16
488 84 7 810 16
489 85 7 826 16
490 87 6 842 16
491 90 5 860 16
492 93 4 876 16
493 97 3 893 16
494 104 2 910 16
495 107 1 927 16
496 110 0 943 16
497 115 0 960 16
498 117 0 977 16
499 118 0 994 16
500 119 0 1013 16
501 120 0 1037 16
502 120 0 1045 16
503 121 0 1060 16
504 123 0 1076 16
505 128 0 1093 16
506 132 0 1110 16
507 134 1 1127 16
508 136 1 1143 16
509 140 2 1160 16
510 142 3 1176 16
511 147 4 1193 16
512 151 5 1210 16
513 156 6 1226 16
514 157 6 1243 16
515 161 7 1260 16
516 163 8 1277 16
517 167 9 1293 16
518 169 10 1310 16
519 172 11 1327 16
520 176 12 1343 16
521 179 15 1360 16
522 181 16 1377 16
523 184 18 1393 16
524 188 20 1410 16
525 193 24 1427 16
526 196 26 1443 16
527 199 29 1460 16
528 201 32 1476 16
529 205 38 1493 16
530 207 42 1510 16
531 209 46 1526 16
532 212 50 1543 16
533 212 52 1560 16
534 212 55 1576 16
535 215 59 1593 16
536 215 62 1610 16
537 216 65 1626 16
538 218 69 1643 16
539 220 72 1659 16
540 221 76 1676 16
541 224 81 1693 16
542 224 82 1709 16
543 225 85 1726 16
544 225 87 1743 16
545 225 90 1760 16
546 228 94 1776 16
547 230 99 1793 16
548 231 101 1810 16
549 231 104 1827 16
550 231 108 1843 16
551 231 111 1860 16
552 232 114 1876 16
553 232 118 1893 16
554 232 120 1909 16
555 233 123 1926 16
556 235 125 1943 16
557 236 128 1959 16
558 238 130 1976 16
559 239 131 1993 16
560 241 133 2010 16
561 242 134 2026 16
562 242 135 2045 16
563 244 135 2059 16
564 245 135 2077 16
565 247 135 2093 16
566 249 136 2109 16
567 253 137 2126 16
568 254 137 2421 16
569 255 137 62 17
570 255 138 78 17
571 254 139 118 17
572 253 139 165 17
573 252 139 198 17
574 251 139 206 17
575 250 139 219 17
576 250 140 238 17
577 248 141 254 17
578 247 141 277 17
579 246 142 285 17
580 245 142 299 17
581 244 142 316 17
582 240 144 333 17
583 239 144 349 17
584 237 145 367 17
585 236 145 390 17
586 235 145 399 17
587 231 145 415 17
588 231 146 432 17
589 229 146 449 17
590 226 146 465 17
591 223 147 483 17
592 222 148 499 17
593 219 148 516 17
594 217 148 532 17
595 213 149 549 17
596 208 150 565 17
597 199 151 582 17
598 197 151 599 17
599 191 151 616 17
600 188 151 632 17
601 185 152 649 17
602 183 153 665 17
603 180 153 682 17
604 175 153 699 17
605 171 153 715 17
606 169 153 732 17
607 167 153 749 17
608 166 153 765 17
609 162 153 782 17
610 159 153 799 17
611 156 153 815 17
612 153 153 832 17
613 151 153 849 17
614 148 153 865 17
615 144 153 882 17
616 140 153 899 17
617 135 153 915 17
618 132 153 933 17
619 128 153 948 17
620 124 153 965 17
621 120 153 982 17
622 117 153 999 17
623 115 153 1016 17
624 111 153 1032 17
625 109 153 1048 17
626 108 153 1065 17
627 107 153 1102 17
628 106 153 1115 17
629 103 153 1132 17
630 97 153 1149 17
631 90 153 1165 17
632 83 153 1182 17
633 80 153 1198 17
634 78 153 1215 17
635 76 153 1232 17
636 73 153 1249 17
637 70 153 1265 17
638 68 153 1282 17
639 64 153 1299 17
640 60 153 1315 17
641 56 153 1333 17
642 53 153 1348 17
643 48 153 1365 17
644 42 153 1382 17
645 41 153 1398 17
646 40 153 1415 17
647 39 153 1433 17
648 38 153 1449 17
649 35 153 1465 17
650 30 153 1482 17
651 25 152 1499 17
652 24 152 1516 17
653 23 152 1532 17
654 22 152 1549 17
655 20 152 1565 17
656 18 151 1582 17
657 15 151 1599 17
658 13 151 1615 17
659 12 151 1632 17
660 10 151 1661 17
661 10 150 1670 17
662 9 149 1682 17
663 8 149 1698 17
664 6 148 1715 17
665 5 147 2142 17
666 61 31 25 18
667 61 31 42 18
668 62 31 59 18
669 64 31 75 18
670 66 30 92 18
671 68 29 108 18
672 68 29 125 18
673 71 28 142 18
674 71 28 158 18
675 72 27 175 18
676 74 27 191 18
677 75 26 214 18
678 76 25 230 18
679 77 25 246 18
680 78 25 259 18
681 78 24 275 18
682 79 23 292 18
683 80 23 309 18
684 82 22 325 18
685 84 21 342 18
686 85 20 358 18
687 86 19 375 18
688 88 19 392 18
689 88 18 408 18
690 91 18 425 18
691 94 16 441 18
692 96 16 458 18
693 99 16 475 18
694 101 15 492 18
695 102 15 508 18
696 104 15 525 18
697 107 15 541 18
698 108 14 558 18
699 108 14 575 18
700 109 14 591 18
701 110 14 608 18
702 111 13 625 18
703 112 13 642 18
704 113 13 658 18
705 113 13 676 18
706 114 13 692 18
707 115 13 709 18
708 116 13 725 18
709 118 13 741 18
710 118 13 759 18
711 119 13 775 18
712 119 13 792 18
713 121 13 808 18
714 122 13 825 18
715 123 13 841 18
716 124 13 858 18
717 125 13 875 18
718 126 13 892 18
719 127 13 908 18
720 128 13 925 18
721 130 13 942 18
722 131 13 958 18
723 134 14 975 18
724 136 15 992 18
725 139 15 1009 18
726 141 15 1025 18
727 143 16 1042 18
728 145 16 1059 18
729 146 16 1075 18
730 147 16 1091 18
731 148 17 1108 18
732 150 17 1125 18
733 152 18 1142 18
734 154 18 1158 18
735 157 19 1175 18
736 158 19 1191 18
737 161 19 1208 18
738 161 19 1225 18
739 162 19 1241 18
740 163 19 1259 18
741 165 21 1275 18
742 165 21 1292 18
743 167 21 1309 18
744 169 21 1325 18
745 172 22 1341 18
746 173 22 1358 18
747 174 22 1375 18
748 174 22 1392 18
749 176 22 1437 18
750 176 23 1445 18
751 177 23 1458 18
752 178 24 1475 18
753 180 24 1491 18
754 182 24 1508 18
755 184 25 1525 18
756 186 25 1542 18
757 189 25 1558 18
758 190 25 1581 18
759 190 25 1591 18
760 191 25 1608 18
761 191 25 1846 18
762 192 25 1862 18
763 193 25 2294 18
764 173 24 10 19
765 171 25 27 19
766 170 25 44 19
767 170 26 61 19
768 168 27 77 19
769 167 27 95 19
770 165 28 112 19
771 163 30 128 19
772 160 31 145 19
773 157 33 161 19
774 154 35 178 19
775 152 36 195 19
776 150 38 211 19
777 147 39 228 19
778 145 39 244 19
779 142 41 261 19
780 139 44 278 19
781 135 45 294 19
782 132 47 311 19
783 130 47 328 19
784 127 48 344 19
785 125 49 361 19
786 123 50 378 19
787 118 51 394 19
788 113 51 411 19
789 111 52 427 19
790 108 53 444 19
791 105 53 461 19
792 102 53 477 19
793 99 53 495 19
794 97 53 511 19
795 94 53 527 19
796 92 52 545 19
797 89 51 561 19
798 87 50 578 19
799 84 49 594 19
800 82 48 611 19
801 81 47 628 19
802 80 46 645 19
803 79 45 661 19
804 78 44 678 19
805 77 42 694 19
806 76 39 711 19
807 75 38 728 19
808 73 36 744 19
809 73 35 761 19
810 73 35 898 19
811 72 35 995 19
812 71 35 1011 19
813 70 34 1043 19
814 70 33 1051 19
815 70 33 1078 19
816 69 33 1094 19
817 68 32 1111 19
818 68 32 1204 19
819 75 41 11 20
820 75 41 26 20
821 74 41 59 20
822 73 41 73 20
823 73 41 90 20
824 71 41 106 20
825 68 41 123 20
826 67 41 140 20
827 64 41 156 20
828 61 41 174 20
829 56 41 190 20
830 53 41 207 20
831 50 41 224 20
832 50 41 240 20
833 48 41 257 20
834 45 40 273 20
835 42 39 290 20
836 38 38 306 20
837 30 36 323 20
838 27 36 340 20
839 26 36 357 20
840 25 36 452 20
841 165 35 46 21
842 166 36 62 21
843 167 36 69 21
844 167 37 82 21
845 168 38 97 21
846 170 39 115 21
847 171 41 132 21
848 173 41 148 21
849 173 41 165 21
850 177 42 181 21
851 181 42 198 21
852 185 42 214 21
853 190 42 231 21
854 193 42 248 21
855 195 42 265 21
856 198 42 282 21
857 202 42 299 21
858 207 41 315 21
859 214 40 331 21
860 219 39 347 21
861 222 38 365 21
862 224 38 381 21
863 225 38 496 21
864 224 38 46 22
865 224 37 55 22
866 223 36 72 22
867 222 36 89 22
868 222 35 105 22
869 221 33 122 22
870 221 31 138 22
871 221 27 155 22
872 221 24 172 22
873 221 20 189 22
874 222 16 205 22
875 222 15 222 22
876 224 10 239 22
877 225 7 255 22
878 228 5 272 22
879 230 2 288 22
880 231 1 305 22
881 233 0 322 22
882 233 0 338 22
883 234 0 358 22
884 235 0 382 22
885 236 0 390 22
886 237 1 406 22
887 237 2 422 22
888 239 5 439 22
889 239 6 455 22
890 239 9 472 22
891 238 12 489 22
892 238 12 505 22
893 239 12 606 22
894 240 11 622 22
895 243 8 638 22
896 246 5 655 22
897 248 4 672 22
898 249 3 688 22
899 249 2 705 22
900 250 2 722 22
901 251 2 738 22
902 251 2 758 22
903 253 2 829 22
904 253 3 846 22
905 253 4 855 22
906 254 6 871 22
907 255 9 889 22
908 255 12 905 22
909 255 15 922 22
910 255 18 939 22
911 255 20 955 22
912 255 21 972 22
913 254 22 989 22
914 254 23 1005 22
915 252 24 1022 22
916 250 26 1038 22
917 248 28 1055 22
918 245 29 1072 22
919 243 30 1088 22
920 242 31 1105 22
921 240 31 1122 22
922 239 33 1139 22
923 238 33 1156 22
924 236 34 1172 22
925 234 35 1188 22
926 233 35 1205 22
927 233 35 1222 22
928 231 35 1238 22
929 230 36 1255 22
930 230 36 1272 22
931 229 37 1289 22
932 228 37 1305 22
933 227 37 1322 22
934 226 37 1342 22
935 225 37 1399 22
936 25 30 13 23
937 25 28 149 23
938 25 28 163 23
939 25 25 179 23
940 24 21 196 23
941 23 19 213 23
942 22 16 229 23
943 20 14 246 23
944 18 12 263 23
945 16 10 279 23
946 15 10 296 23
947 13 9 313 23
948 13 9 330 23
949 12 9 357 23
950 12 9 364 23
951 11 9 380 23
952 9 10 397 23
953 8 12 413 23
954 7 14 430 23
955 7 16 446 23
956 7 19 463 23
957 7 21 479 23
958 7 23 496 23
959 8 24 513 23
960 8 24 530 23
961 8 25 546 23
962 9 27 563 23
963 10 27 636 23
964 10 27 646 23
965 10 26 724 23
966 10 25 733 23
967 10 25 746 23
968 9 25 763 23
969 8 25 780 23
970 7 25 796 23
971 6 25 813 23
972 5 25 829 23
973 4 25 846 23
974 4 25 884 23
975 3 26 900 23
976 2 27 912 23
977 2 27 930 23
978 1 28 946 23
979 1 28 965 23
980 1 29 980 23
981 0 30 996 23
982 0 31 1013 23
983 0 31 1029 23
984 0 32 1068 23
985 0 33 1079 23
986 0 33 1096 23
987 1 35 1112 23
988 2 36 1129 23
989 4 36 1146 23
990 5 38 1163 23
991 6 38 1180 23
992 8 38 1196 23
993 8 38 1212 23
994 10 38 1229 23
995 12 38 1246 23
996 13 38 1263 23
997 14 38 1279 23
998 15 38 1296 23
999 16 38 1313 23
1000 17 38 1329 23
1001 18 38 1347 23
1002 19 38 1372 23
1003 20 38 1389 23
1004 21 38 1397 23
1005 22 37 1541 23
1006 85 52 14 24
1007 85 51 28 24
1008 84 51 45 24
1009 82 51 62 24
1010 79 51 78 24
1011 78 50 94 24
1012 76 50 112 24
1013 73 50 128 24
1014 73 49 145 24
1015 72 49 161 24
1016 71 49 214 24
1017 71 50 228 24
1018 70 53 244 24
1019 68 56 261 24
1020 68 61 278 24
1021 65 67 295 24
1022 65 69 311 24
1023 64 71 328 24
1024 64 72 344 24
1025 64 73 471 24
1026 140 46 62 25
1027 141 46 70 25
1028 141 45 85 25
1029 143 43 101 25
1030 144 42 118 25
1031 145 42 198 25
1032 145 43 206 25
1033 147 44 219 25
1034 149 48 235 25
1035 153 54 251 25
1036 154 59 268 25
1037 156 62 285 25
1038 156 64 302 25
1039 156 64 318 25
1040 157 65 341 25
1041 157 66 447 25
1042 64 60 16 26
1043 65 60 31 26
1044 66 59 49 26
1045 68 58 65 26
1046 70 57 82 26
1047 73 55 98 26
1048 76 53 115 26
1049 82 48 132 26
1050 89 45 148 26
1051 96 42 165 26
1052 100 38 181 26
1053 104 36 198 26
1054 108 33 215 26
1055 111 31 232 26
1056 114 30 248 26
1057 119 29 264 26
1058 121 25 281 26
1059 125 23 298 26
1060 129 21 315 26
1061 132 19 332 26
1062 135 16 348 26
1063 138 15 364 26
1064 140 14 382 26
1065 142 14 399 26
1066 144 12 415 26
1067 145 11 432 26
1068 146 11 449 26
1069 147 10 465 26
1070 149 9 482 26
1071 151 8 498 26
1072 154 7 515 26
1073 159 4 531 26
1074 164 1 548 26
1075 166 0 565 26
1076 167 0 699 26
1077 168 0 55 27
1078 169 0 71 27
1079 171 0 87 27
1080 175 0 105 27
1081 178 1 124 27
1082 179 1 138 27
1083 184 1 155 27
1084 185 2 171 27
1085 187 2 188 27
1086 190 3 205 27
1087 191 3 221 27
1088 193 3 238 27
1089 197 4 255 27
1090 198 4 295 27
1091 200 5 318 27
1092 202 5 383 27
1093 203 7 391 27
1094 204 7 415 27
1095 206 7 423 27
1096 207 8 438 27
1097 209 9 455 27
1098 210 9 472 27
1099 212 10 488 27
1100 214 11 505 27
1101 215 12 526 27
1102 218 12 538 27
1103 220 13 554 27
1104 221 14 571 27
1105 224 15 588 27
1106 225 15 605 27
1107 226 15 621 27
1108 230 16 638 27
1109 231 18 655 27
1110 235 19 671 27
1111 239 20 695 27
1112 240 21 705 27
1113 241 21 722 27
1114 242 21 738 27
1115 243 21 755 27
1116 246 22 771 27
1117 247 22 814 27
1118 248 22 822 27
1119 250 22 838 27
1120 251 23 951 27
1121 252 24 23 28
1122 251 25 45 28
1123 248 27 61 28
1124 247 29 73 28
1125 244 32 90 28
1126 240 34 107 28
1127 236 36 124 28
1128 235 38 140 28
1129 233 40 156 28
1130 231 42 173 28
1131 230 43 192 28
1132 229 44 207 28
1133 228 45 224 28
1134 224 46 239 28
1135 223 47 257 28
1136 220 48 274 28
1137 218 51 289 28
1138 215 52 307 28
1139 212 53 323 28
1140 210 54 340 28
1141 207 55 356 28
1142 202 57 373 28
1143 201 58 390 28
1144 198 59 407 28
1145 196 60 423 28
1146 192 62 440 28
1147 191 63 456 28
1148 190 63 473 28
1149 188 63 517 28
1150 186 64 524 28
1151 185 65 540 28
1152 181 66 556 28
1153 176 68 573 28
1154 174 69 590 28
1155 171 70 645 28
1156 170 70 657 28
1157 166 73 674 28
1158 160 74 689 28
1159 158 75 707 28
1160 157 76 773 28
1161 154 77 790 28
1162 148 79 807 28
1163 145 80 823 28
1164 144 81 852 28
1165 143 82 861 28
1166 142 84 909 28
1167 140 84 923 28
1168 136 87 940 28
1169 133 87 957 28
1170 132 87 961 28
1171 60 56 27 29
1172 62 56 44 29
1173 63 56 55 29
1174 66 56 72 29
1175 68 56 89 29
1176 74 58 106 29
1177 78 58 122 29
1178 81 59 139 29
1179 87 60 155 29
1180 95 60 172 29
1181 97 60 188 29
1182 100 62 205 29
1183 102 63 222 29
1184 103 63 238 29
1185 106 64 255 29
1186 107 64 272 29
1187 108 64 289 29
1188 110 65 305 29
1189 111 65 322 29
1190 113 65 338 29
1191 115 65 355 29
1192 117 65 372 29
1193 118 65 388 29
1194 120 67 405 29
1195 122 67 422 29
1196 125 69 438 29
1197 127 69 455 29
1198 129 71 472 29
1199 131 71 488 29
1200 134 74 506 29
1201 136 74 522 29
1202 137 74 539 29
1203 138 74 555 29
1204 140 74 572 29
1205 141 75 691 29
1206 142 80 18 30
1207 142 82 35 30
1208 142 84 52 30
1209 142 87 68 30
1210 142 89 85 30
1211 142 90 102 30
1212 142 92 120 30
1213 142 97 135 30
1214 142 99 152 30
1215 142 101 169 30
1216 141 104 310 30
1217 142 104 53 31
1218 144 102 70 31
1219 147 101 79 31
1220 152 98 95 31
1221 157 95 112 31
1222 164 91 129 31
1223 168 89 145 31
1224 173 88 164 31
1225 174 87 179 31
1226 176 86 196 31
1227 178 85 212 31
1228 179 85 229 31
1229 182 82 246 31
1230 186 81 262 31
1231 188 80 279 31
1232 189 79 296 31
1233 191 78 312 31
1234 193 77 329 31
1235 196 76 346 31
1236 197 76 362 31
1237 200 75 379 31
1238 201 74 396 31
1239 202 74 412 31
1240 204 73 429 31
1241 208 71 445 31
1242 211 70 462 31
1243 213 69 479 31
1244 218 67 495 31
1245 221 65 512 31
1246 222 65 529 31
1247 224 64 545 31
1248 225 63 562 31
1249 226 63 579 31
1250 228 62 595 31
1251 229 62 612 31
1252 230 60 670 31
1253 230 59 679 31
1254 232 58 695 31
1255 234 57 712 31
1256 235 56 758 31
1257 236 56 765 31
1258 237 55 781 31
1259 239 55 795 31
1260 240 55 812 31
1261 242 54 829 31
1262 244 53 845 31
1263 246 53 894 31
1264 246 52 903 31
1265 248 52 929 31
1266 250 51 958 31
1267 251 49 973 31
1268 252 49 1110 31
1269 254 20 54 32
1270 254 21 69 32
1271 254 23 80 32
1272 254 25 98 32
1273 254 30 115 32
1274 254 34 131 32
1275 254 38 148 32
1276 254 42 164 32
1277 255 43 295 32
1278 59 56 240 33
1279 62 60 15 34
1280 60 60 31 34
1281 59 60 58 34
1282 58 60 66 34
1283 57 60 81 34
1284 56 62 98 34
1285 56 63 114 34
1286 52 63 131 34
1287 51 63 147 34
1288 49 63 164 34
1289 47 63 181 34
1290 45 64 197 34
1291 44 65 219 34
1292 42 66 231 34
1293 40 67 247 34
1294 35 68 264 34
1295 31 70 280 34
1296 26 71 298 34
1297 23 74 314 34
1298 22 74 331 34
1299 18 75 348 34
1300 16 76 364 34
1301 13 77 380 34
1302 12 78 397 34
1303 11 78 418 34
1304 9 79 434 34
1305 8 79 448 34
1306 8 80 464 34
1307 4 81 481 34
1308 3 82 498 34
1309 2 85 514 34
1310 1 86 531 34
1311 0 87 715 34
1312 5 89 15 35
1313 7 89 50 35
1314 9 90 66 35
1315 11 91 82 35
1316 13 91 98 35
1317 22 93 115 35
1318 24 93 132 35
1319 29 95 148 35
1320 32 95 165 35
1321 34 95 181 35
1322 36 95 203 35
1323 37 95 215 35
1324 40 96 231 35
1325 41 96 249 35
1326 44 97 264 35
1327 46 97 281 35
1328 47 97 298 35
1329 49 98 314 35
1330 51 99 378 35
1331 54 100 402 35
1332 55 101 435 35
1333 56 101 448 35
1334 59 101 465 35
1335 60 103 482 35
1336 62 103 539 35
1337 64 103 555 35
1338 65 104 565 35
1339 67 104 581 35
1340 69 107 598 35
1341 71 107 651 35
1342 73 107 664 35
1343 75 107 681 35
1344 76 107 763 35
1345 87 107 15 36
1346 90 106 32 36
1347 95 106 48 36
1348 97 106 65 36
1349 102 103 82 36
1350 103 103 99 36
1351 106 102 115 36
1352 110 101 132 36
1353 115 99 150 36
1354 121 97 165 36
1355 123 96 182 36
1356 124 96 199 36
1357 125 95 215 36
1358 126 95 238 36
1359 127 93 249 36
1360 130 92 270 36
1361 131 91 302 36
1362 133 91 315 36
1363 134 90 332 36
1364 136 89 349 36
1365 137 88 487 36
1366 74 110 16 37
1367 74 111 33 37
1368 74 112 50 37
1369 75 114 67 37
1370 75 115 83 37
1371 75 117 100 37
1372 75 119 117 37
1373 76 121 205 37
1374 82 123 7 38
1375 85 123 24 38
1376 87 123 41 38
1377 89 123 57 38
1378 91 123 74 38
1379 93 123 90 38
1380 96 122 107 38
1381 97 122 125 38
1382 99 120 140 38
1383 101 120 158 38
1384 103 118 174 38
1385 104 118 191 38
1386 106 118 208 38
1387 107 117 224 38
1388 108 117 243 38
1389 109 115 259 38
1390 110 115 274 38
1391 114 113 290 38
1392 115 112 307 38
1393 118 111 324 38
1394 119 111 363 38
1395 120 111 374 38
1396 121 110 390 38
1397 123 109 407 38
1398 124 109 424 38
1399 125 108 440 38
1400 126 108 482 38
1401 127 108 515 38
1402 129 108 524 38
1403 130 107 540 38
1404 132 107 557 38
1405 138 106 574 38
1406 141 104 683 38
1407 4 89 52 39
1408 4 91 59 39
1409 4 92 74 39
1410 4 93 91 39
1411 5 99 108 39
1412 5 100 124 39
1413 5 101 147 39
1414 5 102 228 39
1415 12 106 27 40
1416 14 106 42 40
1417 15 106 59 40
1418 18 107 76 40
1419 20 107 93 40
1420 21 107 110 40
1421 22 107 126 40
1422 24 107 142 40
1423 27 107 159 40
1424 30 107 176 40
1425 31 107 192 40
1426 32 107 209 40
1427 33 107 226 40
1428 35 107 242 40
1429 36 107 259 40
1430 37 107 276 40
1431 40 107 293 40
1432 43 107 309 40
1433 44 107 326 40
1434 46 108 343 40
1435 47 108 364 40
1436 48 108 376 40
1437 51 108 419 40
1438 52 109 427 40
1439 53 109 443 40
1440 55 110 459 40
1441 57 111 476 40
1442 58 112 492 40
1443 59 112 523 40
1444 60 112 531 40
1445 62 113 542 40
1446 63 114 559 40
1447 64 114 575 40
1448 65 114 592 40
1449 65 115 609 40
1450 66 115 626 40
1451 67 115 667 40
1452 68 117 676 40
1453 70 118 693 40
1454 73 118 709 40
1455 74 118 732 40
1456 75 119 748 40
1457 76 119 779 40
1458 78 120 916 40
1459 36 84 30 41
1460 38 84 46 41
1461 41 82 64 41
1462 44 81 80 41
1463 48 79 96 41
1464 52 77 114 41
1465 55 76 130 41
1466 57 75 147 41
1467 58 75 164 41
1468 62 74 180 41
1469 65 73 197 41
1470 69 70 214 41
1471 71 70 231 41
1472 73 69 334 41
1473 63 84 11 42
1474 66 84 27 42
1475 68 82 44 42
1476 71 81 61 42
1477 74 81 77 42
1478 77 79 94 42
1479 80 77 110 42
1480 85 76 127 42
1481 89 74 145 42
1482 91 73 160 42
1483 92 71 177 42
1484 93 71 331 42
1485 78 93 7 43
1486 82 93 24 43
1487 85 93 41 43
1488 90 93 57 43
1489 95 92 74 43
1490 99 90 91 43
1491 102 89 107 43
1492 107 87 124 43
1493 109 87 141 43
1494 111 85 158 43
1495 112 85 262 43
1496 92 80 16 44
1497 95 80 32 44
1498 96 80 49 44
1499 98 80 65 44
1500 100 80 82 44
1501 101 80 99 44
1502 102 80 116 44
1503 106 78 132 44
1504 107 78 158 44
1505 108 78 166 44
1506 109 78 189 44
1507 110 77 221 44
1508 111 76 302 44
1509 47 87 12 45
1510 48 87 27 45
1511 49 87 43 45
1512 53 87 60 45
1513 63 84 77 45
1514 70 80 93 45
1515 79 75 110 45
1516 85 71 126 45
1517 87 70 222 45
1518 152 80 2 46
1519 152 82 15 46
1520 152 89 32 46
1521 151 93 48 46
1522 151 97 64 46
1523 149 98 107 46
1524 189 64 5 47
1525 188 69 21 47
1526 188 73 38 47
1527 186 78 55 47
1528 184 82 124 47
1529 166 79 19 48
1530 166 82 36 48
1531 165 87 52 48
1532 164 89 100 48
1533 210 56 4 49
1534 210 59 21 49
1535 210 62 38 49
1536 209 65 54 49
1537 209 66 70 49
1538 209 67 87 49
1539 209 68 124 49
1540 222 45 7 50
1541 222 49 24 50
1542 222 57 41 50
1543 222 60 58 50
1544 221 64 140 50
1545 234 38 2 51
1546 234 43 14 51
1547 234 46 32 51
1548 234 53 50 51
1549 234 57 64 51
1550 234 59 130 51
1551 246 31 16 52
1552 246 36 34 52
1553 246 38 49 52
1554 245 43 66 52
1555 244 44 107 52
1556 180 0 67 53
1557 182 7 83 53
1558 182 18 100 53
1559 182 31 117 53
1560 182 42 133 53
1561 182 53 150 53
1562 182 64 167 53
1563 180 73 183 53
1564 180 80 200 53
1565 175 86 217 53
1566 173 98 233 53
1567 169 104 250 53
1568 166 111 267 53
1569 164 118 283 53
1570 160 122 300 53
1571 155 126 317 53
1572 151 133 333 53
1573 137 144 350 53
1574 126 151 366 53
1575 118 155 383 53
1576 115 157 400 53
1577 113 157 416 53
1578 109 160 582 53
1579 106 155 78 54
1580 106 153 86 54
1581 106 151 99 54
1582 106 144 112 54
1583 104 140 128 54
1584 100 135 146 54
1585 86 133 161 54
1586 75 133 178 54
1587 69 129 196 54
1588 62 129 212 54
1589 53 129 229 54
1590 44 126 245 54
1591 38 124 262 54
1592 33 124 279 54
1593 27 124 294 54
1594 20 124 312 54
1595 16 124 329 54
1596 11 124 345 54
1597 7 124 362 54
1598 4 124 381 54
1599 4 126 396 54
1600 2 133 412 54
1601 0 142 428 54
1602 0 149 445 54
1603 0 160 462 54
1604 2 175 478 54
1605 4 184 495 54
1606 7 186 511 54
1607 7 188 528 54
1608 9 188 558 54
1609 13 188 574 54
1610 16 188 582 54
1611 18 191 595 54
1612 24 191 612 54
1613 29 191 629 54
1614 38 191 645 54
1615 42 191 662 54
1616 55 188 679 54
1617 67 186 694 54
1618 80 182 712 54
1619 86 177 728 54
1620 91 177 745 54
1621 95 175 762 54
1622 95 173 778 54
1623 98 171 795 54
1624 100 166 812 54
1625 100 155 828 54
1626 102 151 845 54
1627 102 149 959 54
1628 102 169 30 55
1629 100 171 43 55
1630 98 173 59 55
1631 98 175 76 55
1632 93 177 92 55
1633 91 184 109 55
1634 86 191 126 55
1635 84 195 143 55
1636 84 200 181 55
1637 84 202 192 55
1638 84 206 209 55
1639 84 215 226 55
1640 86 222 243 55
1641 89 226 259 55
1642 93 231 276 55
1643 98 233 293 55
1644 104 237 309 55
1645 113 239 326 55
1646 120 239 343 55
1647 129 239 360 55
1648 140 239 376 55
1649 146 239 393 55
1650 155 239 410 55
1651 166 239 427 55
1652 173 235 443 55
1653 180 231 460 55
1654 186 224 476 55
1655 188 220 493 55
1656 188 217 510 55
1657 188 208 526 55
1658 186 195 543 55
1659 182 184 560 55
1660 175 175 576 55
1661 171 166 593 55
1662 169 164 609 55
1663 166 164 638 55
1664 164 164 662 55
1665 162 164 676 55
1666 153 164 693 55
1667 142 164 709 55
1668 129 169 725 55
1669 122 171 745 55
1670 84 224 12 56
1671 84 222 61 56
1672 84 215 69 56
1673 84 213 79 56
1674 80 204 96 56
1675 78 202 113 56
1676 78 200 129 56
1677 75 200 165 56
1678 73 200 180 56
1679 71 200 196 56
1680 64 200 212 56
1681 60 200 229 56
1682 51 200 246 56
1683 42 200 262 56
1684 38 200 279 56
1685 35 200 296 56
1686 33 200 325 56
1687 31 200 332 56
1688 29 200 346 56
1689 20 200 363 56
1690 13 200 379 56
1691 9 202 396 56
1692 4 211 412 56
1693 0 220 429 56
1694 0 226 446 56
1695 0 237 462 56
1696 0 242 479 56
1697 0 244 496 56
1698 2 246 512 56
1699 4 248 530 56
1700 9 251 546 56
1701 11 253 563 56
1702 22 255 579 56
1703 31 255 596 56
1704 49 255 612 56
1705 62 255 629 56
1706 67 255 646 56
1707 78 253 663 56
1708 82 248 679 56
1709 89 244 696 56
1710 93 242 712 56
1711 95 239 729 56
1712 98 235 746 56
1713 98 233 762 56
1714 98 226 779 56
1715 98 222 796 56
1716 91 217 807 56
1717 0 0 27 57
1718 3 0 44 57
1719 7 0 60 57
1720 12 0 77 57
1721 21 0 93 57
1722 28 0 111 57
1723 35 0 127 57
1724 42 0 144 57
1725 49 0 160 57
1726 54 0 176 57
1727 56 0 193 57
1728 57 0 211 57
1729 59 0 238 57
1730 61 0 254 57
1731 62 0 270 57
1732 64 0 278 57
1733 66 3 294 57
1734 69 9 310 57
1735 71 14 327 57
1736 73 23 344 57
1737 73 29 360 57
1738 73 36 377 57
1739 73 45 393 57
1740 73 50 410 57
1741 73 54 427 57
1742 73 56 443 57
1743 73 57 460 57
1744 73 59 477 57
1745 73 61 494 57
1746 75 61 630 57
1747 76 61 644 57
1748 82 61 660 57
1749 87 61 677 57
1750 92 61 693 57
1751 99 61 710 57
1752 106 61 727 57
1753 113 61 744 57
1754 116 61 760 57
1755 120 61 777 57
1756 125 61 794 57
1757 128 61 810 57
1758 134 61 827 57
1759 135 61 844 57
1760 137 61 860 57
1761 139 61 877 57
1762 142 61 894 57
1763 147 61 910 57
1764 149 61 927 57
1765 153 61 943 57
1766 156 61 960 57
1767 160 61 1167 57
1768 158 49 61 58
1769 156 45 69 58
1770 153 36 84 58
1771 153 35 96 58
1772 151 24 113 58
1773 151 19 130 58
1774 151 16 147 58
1775 151 12 190 58
1776 153 10 14 59
1777 154 10 25 59
1778 158 10 41 59
1779 161 10 58 59
1780 165 10 75 59
1781 168 10 92 59
1782 172 10 108 59
1783 173 10 124 59
1784 175 10 142 59
1785 177 10 198 59
1786 179 12 207 59
1787 179 14 254 59
1788 179 16 262 59
1789 179 19 275 59
1790 179 23 291 59
1791 179 29 308 59
1792 179 40 325 59
1793 179 45 341 59
1794 179 49 358 59
1795 179 56 374 59
1796 179 57 391 59
1797 179 59 502 59
1798 199 59 10 60
1799 205 59 28 60
1800 210 59 44 60
1801 212 59 61 60
1802 213 59 77 60
1803 215 59 234 60
1804 215 61 5 61
1805 219 62 22 61
1806 220 64 39 61
1807 222 66 55 61
1808 222 68 72 61
1809 226 71 88 61
1810 227 75 106 61
1811 232 78 122 61
1812 234 83 139 61
1813 238 88 155 61
1814 243 94 172 61
1815 245 95 189 61
1816 245 99 205 61
1817 245 101 222 61
1818 248 104 239 61
1819 248 106 260 61
1820 250 109 291 61
1821 252 111 347 61
1822 252 113 363 61
1823 252 114 372 61
1824 253 120 389 61
1825 255 121 573 61
1826 252 121 13 62
1827 250 121 133 62
1828 248 121 149 62
1829 245 123 158 62
1830 241 123 176 62
1831 236 125 191 62
1832 229 127 208 62
1833 224 127 225 62
1834 215 130 241 62
1835 213 130 257 62
1836 210 130 294 62
1837 208 130 317 62
1838 206 130 332 62
1839 205 130 404 62
1840 203 130 431 62
1841 198 109 7 63
1842 196 109 30 63
1843 194 109 40 63
1844 193 109 57 63
1845 191 109 73 63
1846 187 109 90 63
1847 184 109 107 63
1848 182 109 123 63
1849 180 111 182 63
1850 180 113 190 63
1851 180 116 206 63
1852 180 120 223 63
1853 180 127 240 63
1854 180 132 256 63
1855 184 134 273 63
1856 184 135 290 63
1857 186 135 306 63
1858 189 135 323 63
1859 193 137 340 63
1860 196 137 356 63
1861 198 137 373 63
1862 199 137 389 63
1863 203 137 406 63
1864 205 135 423 63
1865 206 134 440 63
1866 208 132 457 63
1867 212 128 473 63
1868 212 127 490 63
1869 212 121 507 63
1870 210 114 523 63
1871 205 109 540 63
1872 203 106 566 63
1873 161 111 53 64
1874 160 109 61 64
1875 160 108 81 64
1876 154 104 98 64
1877 151 102 115 64
1878 149 102 131 64
1879 147 102 148 64
1880 146 102 181 64
1881 144 102 198 64
1882 142 102 215 64
1883 142 106 232 64
1884 139 109 248 64
1885 139 111 269 64
1886 137 114 281 64
1887 137 116 302 64
1888 137 118 315 64
1889 137 121 331 64
1890 139 125 348 64
1891 141 125 373 64
1892 142 125 382 64
1893 146 125 399 64
1894 153 125 415 64
1895 158 125 431 64
1896 163 125 448 64
1897 167 125 465 64
1898 170 125 482 64
1899 173 125 498 64
1900 175 125 515 64
1901 177 123 531 64
1902 179 121 548 64
1903 179 118 565 64
1904 179 113 581 64
1905 173 108 598 64
1906 172 108 615 64
1907 168 108 632 64
1908 165 108 648 64
1909 125 114 13 65
1910 123 113 26 65
1911 121 113 43 65
1912 121 111 60 65
1913 120 111 76 65
1914 116 111 93 65
1915 109 109 109 65
1916 101 109 126 65
1917 95 108 143 65
1918 94 108 188 65
1919 92 108 204 65
1920 90 108 229 65
1921 88 109 244 65
1922 88 113 260 65
1923 88 114 277 65
1924 88 116 293 65
1925 88 120 310 65
1926 88 121 326 65
1927 94 121 343 65
1928 97 121 359 65
1929 102 123 376 65
1930 104 123 393 65
1931 108 123 410 65
1932 109 123 426 65
1933 111 123 443 65
1934 113 123 459 65
1935 114 121 477 65
1936 118 120 638 65
1937 85 111 55 66
1938 83 109 71 66
1939 82 108 88 66
1940 76 108 104 66
1941 75 108 127 66
1942 71 108 138 66
1943 69 108 154 66
1944 66 108 171 66
1945 62 108 187 66
1946 61 108 205 66
1947 57 108 220 66
1948 52 108 237 66
1949 49 109 254 66
1950 47 113 270 66
1951 45 114 287 66
1952 42 116 304 66
1953 42 118 320 66
1954 42 121 350 66
1955 43 121 359 66
1956 43 123 370 66
1957 45 125 387 66
1958 49 128 404 66
1959 50 128 421 66
1960 54 128 438 66
1961 57 128 454 66
1962 61 128 471 66
1963 64 128 488 66
1964 69 128 504 66
1965 73 128 521 66
1966 75 128 543 66
1967 76 128 567 66
1968 76 127 575 66
1969 78 125 587 66
1970 80 120 604 66
1971 82 118 663 66
1972 4 0 3 67
1973 13 4 19 67
1974 21 4 36 67
1975 32 7 53 67
1976 48 10 70 67
1977 63 11 86 67
1978 83 11 103 67
1979 101 11 120 67
1980 121 11 136 67
1981 137 11 153 67
1982 147 11 169 67
1983 155 11 186 67
1984 170 11 203 67
1985 182 11 220 67
1986 193 11 236 67
1987 203 11 253 67
1988 213 11 269 67
1989 224 11 286 67
1990 238 10 303 67
1991 248 8 319 67
1992 251 7 337 67
1993 252 7 353 67
1994 254 6 370 67
1995 255 6 475 67
1996 249 18 6 68
1997 247 23 23 68
1998 247 27 39 68
1999 232 32 56 68
2000 225 37 73 68
2001 224 39 90 68
2002 224 46 106 68
2003 224 52 124 68
2004 224 65 140 68
2005 224 72 157 68
2006 224 85 173 68
2007 224 99 189 68
2008 224 106 207 68
2009 228 116 223 68
2010 232 125 240 68
2011 237 135 257 68
2012 242 145 273 68
2013 247 152 290 68
2014 249 156 388 68
2015 238 156 20 69
2016 230 154 37 69
2017 224 152 53 69
2018 218 152 70 69
2019 207 151 86 69
2020 197 148 104 69
2021 189 148 119 69
2022 185 148 136 69
2023 178 148 153 69
2024 166 148 170 69
2025 158 148 186 69
2026 147 151 203 69
2027 134 152 219 69
2028 118 155 236 69
2029 108 156 253 69
2030 97 159 269 69
2031 83 162 286 69
2032 66 165 303 69
2033 54 165 319 69
2034 42 166 336 69
2035 39 168 353 69
2036 37 169 468 69
2037 37 170 13 70
2038 38 170 30 70
2039 38 169 46 70
2040 41 163 63 70
2041 42 158 79 70
2042 44 151 96 70
2043 45 138 112 70
2044 45 127 129 70
2045 45 111 146 70
2046 45 99 163 70
2047 45 87 179 70
2048 42 80 196 70
2049 41 70 212 70
2050 38 61 230 70
2051 35 49 247 70
2052 32 39 262 70
2053 27 34 280 70
2054 21 27 296 70
2055 15 23 313 70
2056 11 20 330 70
2057 7 17 347 70
2058 1 14 363 70
2059 0 13 455 70
2060 33 15 32 71
2061 33 14 48 71
2062 33 13 65 71
2063 33 12 82 71
2064 33 9 98 71
2065 33 7 115 71
2066 33 5 132 71
2067 32 3 148 71
2068 31 3 165 71
2069 31 3 182 71
2070 31 2 198 71
2071 30 2 215 71
2072 29 2 232 71
2073 27 2 248 71
2074 26 2 265 71
2075 25 2 281 71
2076 23 2 298 71
2077 21 3 315 71
2078 20 3 331 71
2079 18 4 348 71
2080 17 6 365 71
2081 15 8 381 71
2082 14 11 398 71
2083 12 14 414 71
2084 11 17 431 71
2085 11 20 449 71
2086 10 22 465 71
2087 10 25 481 71
2088 10 27 498 71
2089 8 30 515 71
2090 8 33 532 71
2091 8 36 548 71
2092 7 39 565 71
2093 6 43 581 71
2094 6 48 598 71
2095 5 52 615 71
2096 5 55 631 71
2097 5 57 648 71
2098 5 59 665 71
2099 5 62 681 71
2100 4 64 699 71
2101 4 66 714 71
2102 4 68 731 71
2103 4 69 748 71
2104 3 71 764 71
2105 3 73 781 71
2106 3 75 799 71
2107 3 76 814 71
2108 3 77 831 71
2109 2 79 848 71
2110 1 81 864 71
2111 1 82 881 71
2112 1 84 898 71
2113 1 85 915 71
2114 1 86 932 71
2115 0 87 948 71
2116 0 88 965 71
2117 0 89 1016 71
2118 66 12 29 72
2119 66 11 69 72
2120 66 10 77 72
2121 66 10 94 72
2122 66 7 111 72
2123 66 5 127 72
2124 66 4 145 72
2125 65 4 161 72
2126 64 4 237 72
2127 64 4 278 72
2128 62 4 294 72
2129 61 4 311 72
2130 61 4 327 72
2131 59 6 344 72
2132 59 6 362 72
2133 57 8 377 72
2134 57 9 394 72
2135 55 11 412 72
2136 55 14 428 72
2137 54 16 445 72
2138 54 17 461 72
2139 53 19 478 72
2140 52 20 494 72
2141 52 22 511 72
2142 52 24 527 72
2143 51 27 545 72
2144 51 29 560 72
2145 50 31 578 72
2146 50 34 595 72
2147 49 36 611 72
2148 49 38 628 72
2149 49 41 645 72
2150 48 43 661 72
2151 48 46 678 72
2152 47 49 695 72
2153 46 52 711 72
2154 46 54 727 72
2155 45 56 744 72
2156 45 59 761 72
2157 43 63 777 72
2158 43 64 794 72
2159 42 66 810 72
2160 42 68 828 72
2161 41 69 845 72
2162 40 71 861 72
2163 40 72 886 72
2164 40 73 902 72
2165 40 73 911 72
2166 40 74 928 72
2167 40 75 949 72
2168 39 76 961 72
2169 39 77 978 72
2170 39 78 995 72
2171 38 80 1011 72
2172 38 81 1028 72
2173 38 82 1045 72
2174 38 82 1061 72
2175 38 84 1078 72
2176 38 84 1094 72
2177 38 85 1118 72
2178 38 85 1128 72
2179 38 86 1144 72
2180 38 87 1161 72
2181 38 88 1178 72
2182 38 89 1320 72
2183 8 89 13 73
2184 10 89 30 73
2185 13 89 46 73
2186 17 89 63 73
2187 20 88 81 73
2188 23 88 97 73
2189 29 87 113 73
2190 31 87 130 73
2191 31 87 146 73
2192 32 87 164 73
2193 33 86 221 73
2194 11 72 19 74
2195 12 72 29 74
2196 13 72 45 74
2197 17 71 62 74
2198 18 71 78 74
2199 21 71 95 74
2200 25 71 112 74
2201 27 71 128 74
2202 29 71 145 74
2203 33 71 162 74
2204 33 70 179 74
2205 34 70 251 74
2206 17 54 14 75
2207 19 54 31 75
2208 22 54 48 75
2209 24 54 64 75
2210 26 54 81 75
2211 27 54 97 75
2212 30 54 114 75
2213 31 54 131 75
2214 33 54 147 75
2215 34 54 164 75
2216 36 54 181 75
2217 38 53 198 75
2218 38 53 239 75
2219 17 39 4 76
2220 20 39 21 76
2221 22 39 37 76
2222 24 39 54 76
2223 28 39 71 76
2224 32 39 87 76
2225 36 39 104 76
2226 41 39 120 76
2227 45 39 137 76
2228 46 39 154 76
2229 47 39 170 76
2230 47 38 246 76
2231 19 26 11 77
2232 20 26 27 77
2233 20 26 38 77
2234 22 26 55 77
2235 24 26 71 77
2236 27 26 88 77
2237 29 26 105 77
2238 31 26 121 77
2239 33 26 138 77
2240 37 26 154 77
2241 38 26 172 77
2242 40 26 268 77
2243 34 17 30 78
2244 35 17 38 78
2245 36 17 54 78
2246 37 17 70 78
2247 39 17 87 78
2248 40 17 105 78
2249 43 17 120 78
2250 45 17 137 78
2251 46 17 154 78
2252 47 17 171 78
2253 48 17 188 78
2254 49 17 204 78
2255 50 17 221 78
2256 50 17 238 78
2257 52 17 254 78
2258 57 17 271 78
2259 61 17 288 78
2260 64 17 304 78
2261 68 17 321 78
2262 70 16 338 78
2263 73 16 354 78
2264 76 16 371 78
2265 80 16 388 78
2266 83 16 404 78
2267 85 16 421 78
2268 87 16 438 78
2269 89 16 454 78
2270 94 16 471 78
2271 99 16 488 78
2272 103 16 504 78
2273 105 16 521 78
2274 106 16 537 78
2275 108 15 554 78
2276 110 15 571 78
2277 113 15 588 78
2278 116 15 605 78
2279 119 15 620 78
2280 122 15 638 78
2281 125 15 654 78
2282 129 15 671 78
2283 132 15 688 78
2284 134 15 704 78
2285 135 15 721 78
2286 137 15 738 78
2287 140 15 754 78
2288 142 15 771 78
2289 145 15 788 78
2290 147 15 804 78
2291 149 15 821 78
2292 150 15 837 78
2293 154 15 854 78
2294 157 15 870 78
2295 161 15 887 78
2296 163 15 904 78
2297 166 15 921 78
2298 167 15 937 78
2299 168 15 954 78
2300 170 15 971 78
2301 173 15 987 78
2302 177 15 1004 78
2303 180 15 1020 78
2304 182 15 1037 78
2305 184 15 1054 78
2306 186 15 1070 78
2307 188 15 1087 78
2308 189 15 1104 78
2309 191 15 1121 78
2310 192 15 1138 78
2311 194 15 1154 78
2312 196 15 1171 78
2313 196 15 1327 78
2314 35 9 9 79
2315 36 9 26 79
2316 37 9 43 79
2317 38 9 60 79
2318 40 8 76 79
2319 41 8 93 79
2320 43 7 109 79
2321 44 6 126 79
2322 45 6 142 79
2323 49 4 159 79
2324 50 3 176 79
2325 52 2 192 79
2326 54 2 209 79
2327 58 2 226 79
2328 65 2 242 79
2329 73 2 259 79
2330 83 2 276 79
2331 86 2 293 79
2332 87 1 310 79
2333 88 1 326 79
2334 90 1 343 79
2335 91 0 504 79
2336 85 0 13 80
2337 86 0 29 80
2338 87 0 47 80
2339 88 0 64 80
2340 89 0 82 80
2341 89 0 96 80
2342 91 0 113 80
2343 93 0 130 80
2344 95 0 147 80
2345 98 0 163 80
2346 99 0 180 80
2347 99 0 196 80
2348 102 0 213 80
2349 104 0 229 80
2350 106 0 247 80
2351 109 0 262 80
2352 110 0 279 80
2353 111 0 296 80
2354 113 0 313 80
2355 115 0 330 80
2356 116 0 346 80
2357 119 0 363 80
2358 120 0 380 80
2359 122 1 397 80
2360 124 1 413 80
2361 127 1 430 80
2362 128 1 446 80
2363 129 1 463 80
2364 129 1 595 80
2365 131 1 602 80
2366 132 1 617 80
2367 135 1 630 80
2368 137 1 646 80
2369 139 1 663 80
2370 141 2 679 80
2371 142 2 696 80
2372 142 2 713 80
2373 143 2 730 80
2374 143 2 746 80
2375 144 2 763 80
2376 145 2 780 80
2377 147 2 796 80
2378 148 2 813 80
2379 149 2 830 80
2380 150 2 846 80
2381 152 2 863 80
2382 153 2 880 80
2383 154 2 923 80
2384 154 2 931 80
2385 155 2 947 80
2386 156 2 963 80
2387 157 2 980 80
2388 157 2 1002 80
2389 159 2 1018 80
2390 159 2 1035 80
2391 160 2 1046 80
2392 161 2 1063 80
2393 162 2 1080 80
2394 163 2 1097 80
2395 164 2 1113 80
2396 164 2 1129 80
2397 166 2 1146 80
2398 167 2 1163 80
2399 168 2 1179 80
2400 169 2 1196 80
2401 170 2 1212 80
2402 171 2 1229 80
2403 173 2 1247 80
2404 175 2 1262 80
2405 178 2 1279 80
2406 180 2 1296 80
2407 182 2 1313 80
2408 184 2 1330 80
2409 187 2 1346 80
2410 189 2 1362 80
2411 191 2 1380 80
2412 191 2 1401 80
2413 192 2 1442 80
2414 193 2 1450 80
2415 193 2 1463 80
2416 194 2 1480 80
2417 194 2 1497 80
2418 196 2 1513 80
2419 197 2 1530 80
2420 198 2 1546 80
2421 200 2 1563 80
2422 201 2 1587 80
2423 201 2 1603 80
2424 202 2 1620 80
2425 203 2 1630 80
2426 203 2 1646 80
2427 204 2 1674 80
2428 205 3 1939 80
2429 205 3 1995 80
2430 205 4 2011 80
2431 205 6 2043 80
2432 204 6 2067 80
2433 204 6 2091 80
2434 203 8 2116 80
2435 203 8 2129 80
2436 203 9 2147 80
2437 202 10 2163 80
2438 201 10 2180 80
2439 201 11 2196 80
2440 200 11 2243 80
2441 199 12 2307 80
2442 198 12 2322 80
2443 198 13 2540 80
2444 152 115 10 81
2445 152 113 26 81
2446 153 111 43 81
2447 153 109 60 81
2448 154 108 77 81
2449 154 105 93 81
2450 155 104 110 81
2451 156 101 127 81
2452 157 99 143 81
2453 158 98 160 81
2454 159 97 176 81
2455 161 96 193 81
2456 162 96 210 81
2457 164 94 226 81
2458 166 94 243 81
2459 169 94 259 81
2460 171 93 277 81
2461 173 93 293 81
2462 177 92 309 81
2463 180 91 325 81
2464 183 91 343 81
2465 185 89 359 81
2466 186 89 377 81
2467 187 88 393 81
2468 189 87 410 81
2469 189 85 426 81
2470 191 83 443 81
2471 191 82 460 81
2472 191 81 476 81
2473 191 78 493 81
2474 191 77 510 81
2475 193 75 527 81
2476 193 75 543 81
2477 194 73 559 81
2478 194 72 575 81
2479 195 71 593 81
2480 196 70 609 81
2481 197 70 626 81
2482 199 69 643 81
2483 200 69 660 81
2484 201 68 676 81
2485 202 68 693 81
2486 203 68 710 81
2487 204 68 726 81
2488 207 68 743 81
2489 208 68 759 81
2490 212 66 776 81
2491 217 66 792 81
2492 220 65 809 81
2493 222 64 825 81
2494 222 64 842 81
2495 229 64 859 81
2496 237 64 876 81
2497 245 62 892 81
2498 249 61 910 81
2499 251 59 927 81
2500 253 57 943 81
2501 254 57 960 81
2502 254 56 976 81
2503 254 55 993 81
2504 255 54 1009 81
2505 255 54 1026 81
2506 255 52 1122 81
2507 166 135 3 82
2508 162 134 20 82
2509 157 131 37 82
2510 157 127 53 82
2511 157 124 70 82
2512 157 120 87 82
2513 157 119 104 82
2514 158 117 120 82
2515 159 115 137 82
2516 160 115 153 82
2517 161 114 170 82
2518 164 114 186 82
2519 168 114 203 82
2520 173 114 220 82
2521 177 114 237 82
2522 180 113 254 82
2523 184 113 270 82
2524 188 112 287 82
2525 193 110 304 82
2526 196 108 320 82
2527 200 106 337 82
2528 201 105 354 82
2529 203 103 370 82
2530 204 99 387 82
2531 204 98 404 82
2532 205 96 420 82
2533 205 95 437 82
2534 205 94 454 82
2535 205 92 470 82
2536 205 91 487 82
2537 205 90 504 82
2538 205 89 520 82
2539 205 87 537 82
2540 206 87 554 82
2541 206 86 570 82
2542 207 85 587 82
2543 208 85 619 82
2544 209 84 627 82
2545 210 84 653 82
2546 212 84 670 82
2547 214 84 687 82
2548 217 84 703 82
2549 221 84 720 82
2550 222 84 737 82
2551 224 83 754 82
2552 226 82 770 82
2553 229 81 787 82
2554 231 80 803 82
2555 233 79 820 82
2556 234 78 837 82
2557 236 77 898 82
2558 6 56 23 83
2559 13 54 40 83
2560 18 54 56 83
2561 26 54 73 83
2562 40 54 90 83
2563 57 54 107 83
2564 74 54 123 83
2565 93 54 140 83
2566 111 54 156 83
2567 130 54 173 83
2568 153 54 189 83
2569 169 54 206 83
2570 180 54 223 83
2571 188 54 240 83
2572 192 54 256 83
2573 196 54 273 83
2574 199 54 290 83
2575 203 54 306 83
2576 209 54 323 83
2577 213 54 340 83
2578 216 54 357 83
2579 217 54 454 83
2580 217 55 30 84
2581 217 59 47 84
2582 217 67 64 84
2583 218 82 81 84
2584 220 97 97 84
2585 221 109 114 84
2586 222 115 130 84
2587 224 123 147 84
2588 225 125 163 84
2589 225 131 180 84
2590 225 135 197 84
2591 228 140 213 84
2592 228 146 230 84
2593 228 151 247 84
2594 228 154 264 84
2595 228 156 280 84
2596 228 159 297 84
2597 228 161 314 84
2598 228 162 350 84
2599 0 44 14 85
2600 1 45 45 85
2601 2 46 54 85
2602 5 51 70 85
2603 6 56 87 85
2604 9 64 104 85
2605 12 75 120 85
2606 14 85 137 85
2607 15 96 153 85
2608 18 106 170 85
2609 20 117 187 85
2610 21 123 203 85
2611 22 132 220 85
2612 23 139 236 85
2613 24 144 253 85
2614 24 151 270 85
2615 24 156 286 85
2616 24 162 303 85
2617 24 168 320 85
2618 24 171 336 85
2619 24 173 446 85
2620 50 174 16 86
2621 60 174 32 86
2622 72 174 48 86
2623 83 174 66 86
2624 95 174 82 86
2625 104 174 99 86
2626 115 174 116 86
2627 123 174 132 86
2628 134 174 149 86
2629 142 174 165 86
2630 154 174 182 86
2631 163 174 199 86
2632 173 174 216 86
2633 180 174 232 86
2634 187 174 249 86
2635 193 174 266 86
2636 195 174 282 86
2637 196 174 322 86
2638 199 173 332 86
2639 200 173 354 86
2640 4 43 47 87
2641 6 42 71 87
2642 7 41 79 87
2643 12 40 96 87
2644 16 38 112 87
2645 20 36 130 87
2646 24 36 146 87
2647 27 34 163 87
2648 31 34 180 87
2649 33 32 197 87
2650 36 30 213 87
2651 37 30 230 87
2652 38 30 295 87
2653 95 38 14 88
2654 94 38 38 88
2655 93 36 62 88
2656 92 34 78 88
2657 92 33 97 88
2658 92 30 113 88
2659 92 27 130 88
2660 92 25 147 88
2661 92 23 163 88
2662 93 20 180 88
2663 95 17 196 88
2664 98 14 213 88
2665 100 11 230 88
2666 104 6 246 88
2667 107 4 263 88
2668 110 3 279 88
2669 112 2 297 88
2670 114 1 314 88
2671 116 0 330 88
2672 118 0 358 88
2673 119 0 374 88
2674 120 0 390 88
2675 122 0 406 88
2676 124 0 415 88
2677 126 1 438 88
2678 129 1 446 88
2679 131 4 463 88
2680 134 6 480 88
2681 137 9 497 88
2682 140 14 513 88
2683 143 17 530 88
2684 145 20 547 88
2685 146 23 563 88
2686 148 26 580 88
2687 150 30 596 88
2688 150 33 613 88
2689 150 35 630 88
2690 151 36 742 88
2691 34 26 17 89
2692 37 26 33 89
2693 39 26 50 89
2694 42 26 66 89
2695 45 26 83 89
2696 48 26 100 89
2697 53 26 116 89
2698 57 26 133 89
2699 60 26 150 89
2700 61 26 167 89
2701 63 26 183 89
2702 67 26 199 89
2703 70 26 216 89
2704 72 26 233 89
2705 74 26 250 89
2706 75 26 266 89
2707 76 26 283 89
2708 77 26 364 89
2709 107 26 52 90
2710 110 26 68 90
2711 111 26 84 90
2712 112 26 101 90
2713 113 26 115 90
2714 116 26 132 90
2715 117 26 148 90
2716 119 26 165 90
2717 123 26 182 90
2718 127 25 198 90
2719 139 25 216 90
2720 160 25 6 91
2721 161 25 23 91
2722 163 25 40 91
2723 164 25 56 91
2724 165 25 73 91
2725 168 25 90 91
2726 170 25 106 91
2727 172 25 123 91
2728 177 25 140 91
2729 182 27 157 91
2730 185 27 174 91
2731 190 28 190 91
2732 193 28 207 91
2733 195 28 223 91
2734 199 28 240 91
2735 200 28 257 91
2736 202 28 273 91
2737 203 28 414 91
2738 204 28 430 91
2739 205 28 440 91
2740 208 28 457 91
2741 211 28 473 91
2742 215 28 490 91
2743 218 28 506 91
2744 220 28 523 91
2745 221 28 599 91
2746 222 28 607 91
2747 223 28 623 91
2748 224 28 640 91
2749 225 28 657 91
2750 229 28 673 91
2751 232 28 690 91
2752 236 28 707 91
2753 238 28 723 91
2754 241 28 895 91
2755 233 37 14 92
2756 231 38 30 92
2757 229 40 47 92
2758 229 41 63 92
2759 227 43 81 92
2760 224 44 97 92
2761 223 44 114 92
2762 222 45 130 92
2763 222 46 179 92
2764 221 46 187 92
2765 220 46 200 92
2766 219 47 214 92
2767 217 48 275 92
2768 248 34 47 93
2769 248 35 55 93
2770 248 38 67 93
2771 248 42 80 93
2772 249 46 97 93
2773 249 51 113 93
2774 250 57 130 93
2775 250 62 146 93
2776 250 65 163 93
2777 252 72 180 93
2778 252 73 196 93
2779 252 75 213 93
2780 252 78 230 93
2781 252 79 246 93
2782 253 80 263 93
2783 253 81 280 93
2784 253 82 297 93
2785 253 84 314 93
2786 253 86 330 93
2787 253 89 346 93
2788 253 90 363 93
2789 253 92 379 93
2790 253 93 396 93
2791 252 95 413 93
2792 252 97 430 93
2793 252 101 447 93
2794 252 105 463 93
2795 252 109 479 93
2796 249 110 496 93
2797 242 111 513 93
2798 240 112 530 93
2799 237 114 547 93
2800 236 115 563 93
2801 236 117 580 93
2802 236 118 597 93
2803 236 121 613 93
2804 236 123 630 93
2805 236 125 646 93
2806 238 127 663 93
2807 238 130 680 93
2808 239 131 928 93
2809 255 111 95 94
2810 254 113 102 94
2811 254 114 119 94
2812 254 116 131 94
2813 254 120 147 94
2814 254 121 164 94
2815 254 124 180 94
2816 254 127 196 94
2817 254 132 213 94
2818 254 133 230 94
2819 254 134 247 94
2820 254 135 263 94
2821 254 137 280 94
2822 254 138 423 94
2823 254 139 431 94
2824 252 141 447 94
2825 247 143 464 94
2826 243 145 480 94
2827 238 149 497 94
2828 234 153 514 94
2829 230 157 531 94
2830 227 161 547 94
2831 225 163 567 94
2832 227 163 591 94
2833 228 163 751 94
2834 34 33 45 95
2835 36 33 53 95
2836 37 33 64 95
2837 39 33 81 95
2838 43 33 98 95
2839 46 33 114 95
2840 51 33 131 95
2841 53 33 147 95
2842 54 33 164 95
2843 56 34 181 95
2844 57 34 197 95
2845 59 34 214 95
2846 60 34 231 95
2847 62 34 247 95
2848 63 34 264 95
2849 65 34 280 95
2850 67 34 297 95
2851 70 34 314 95
2852 71 34 331 95
2853 73 34 347 95
2854 75 34 364 95
2855 77 34 380 95
2856 79 35 397 95
2857 81 35 414 95
2858 84 36 430 95
2859 86 36 615 95
2860 151 37 14 96
2861 154 37 31 96
2862 156 37 47 96
2863 159 37 64 96
2864 161 37 81 96
2865 163 37 97 96
2866 166 37 114 96
2867 169 37 131 96
2868 171 37 147 96
2869 173 37 164 96
2870 177 37 180 96
2871 179 37 197 96
2872 181 37 214 96
2873 183 38 231 96
2874 187 38 248 96
2875 190 38 264 96
2876 192 38 280 96
2877 195 38 298 96
2878 198 39 314 96
2879 200 39 331 96
2880 201 39 347 96
2881 203 39 364 96
2882 207 39 381 96
2883 209 39 397 96
2884 210 39 429 96
2885 211 39 436 96
2886 212 39 447 96
2887 213 39 464 96
2888 214 39 480 96
2889 215 39 588 96
2890 231 43 6 97
2891 231 44 23 97
2892 231 45 37 97
2893 232 47 54 97
2894 232 50 70 97
2895 233 56 87 97
2896 234 59 104 97
2897 235 63 120 97
2898 235 65 137 97
2899 236 70 153 97
2900 237 72 171 97
2901 237 75 186 97
2902 237 78 203 97
2903 239 82 220 97
2904 239 83 237 97
2905 239 85 253 97
2906 239 87 270 97
2907 239 89 286 97
2908 239 92 304 97
2909 241 94 320 97
2910 241 95 337 97
2911 241 96 354 97
2912 241 98 370 97
2913 241 100 387 97
2914 241 102 403 97
2915 241 104 421 97
2916 241 105 437 97
2917 241 109 454 97
2918 241 112 470 97
2919 242 116 487 97
2920 242 118 503 97
2921 242 120 520 97
2922 243 122 537 97
2923 243 124 554 97
2924 243 125 570 97
2925 243 129 587 97
2926 243 131 603 97
2927 244 136 620 97
2928 246 138 637 97
2929 246 140 653 97
2930 247 141 670 97
2931 247 143 686 97
2932 247 144 703 97
2933 248 148 719 97
2934 248 149 736 97
2935 248 150 815 97
2936 0 70 8 98
2937 8 70 24 98
2938 20 70 41 98
2939 35 70 57 98
2940 54 70 74 98
2941 74 70 90 98
2942 96 70 108 98
2943 117 70 124 98
2944 138 70 141 98
2945 156 70 157 98
2946 189 70 174 98
2947 209 70 191 98
2948 227 70 207 98
2949 240 70 224 98
2950 249 70 240 98
2951 253 70 257 98
2952 255 70 358 98
2953 42 0 21 99
2954 42 1 32 99
2955 44 5 49 99
2956 45 9 66 99
2957 45 13 82 99
2958 46 17 99 99
2959 48 22 115 99
2960 48 24 132 99
2961 48 28 149 99
2962 49 31 165 99
2963 50 37 182 99
2964 51 39 199 99
2965 52 41 215 99
2966 52 42 232 99
2967 52 44 249 99
2968 52 45 265 99
2969 52 46 282 99
2970 52 49 299 99
2971 52 51 315 99
2972 53 52 332 99
2973 53 53 349 99
2974 53 55 366 99
2975 55 58 383 99
2976 55 60 399 99
2977 55 63 494 99
2978 70 10 14 100
2979 73 16 31 100
2980 74 23 48 100
2981 75 32 64 100
2982 77 41 81 100
2983 79 48 98 100
2984 83 60 114 100
2985 84 66 131 100
2986 85 69 148 100
2987 85 70 164 100
2988 85 70 188 100
2989 108 11 10 101
2990 113 23 29 101
2991 120 40 43 101
2992 128 63 60 101
2993 132 75 76 101
2994 136 84 94 101
2995 138 86 110 101
2996 138 87 127 101
2997 139 87 159 101
2998 154 19 8 102
2999 156 27 25 102
3000 160 38 43 102
3001 163 56 59 102
3002 167 66 75 102
3003 171 73 93 102
3004 172 75 109 102
3005 173 77 155 102
3006 193 19 3 103
3007 196 23 18 103
3008 201 34 36 103
3009 209 52 52 103
3010 214 62 69 103
3011 215 66 86 103
3012 216 68 104 103
3013 217 69 164 103
3014 230 16 14 104
3015 230 18 22 104
3016 232 26 41 104
3017 236 39 56 104
3018 242 55 72 104
3019 246 70 89 104
3020 250 81 106 104
3021 252 84 123 104
3022 252 85 158 104
3023 37 21 20 105
3024 39 21 29 105
3025 44 22 45 105
3026 49 23 62 105
3027 57 24 78 105
3028 66 24 95 105
3029 77 24 112 105
3030 90 24 128 105
3031 100 24 145 105
3032 110 24 162 105
3033 118 24 178 105
3034 124 24 195 105
3035 129 24 211 105
3036 135 24 228 105
3037 149 24 245 105
3038 158 24 261 105
3039 165 24 278 105
3040 171 24 294 105
3041 175 24 311 105
3042 179 24 328 105
3043 184 24 345 105
3044 189 24 362 105
3045 194 24 378 105
3046 200 24 394 105
3047 207 24 411 105
3048 212 24 427 105
3049 219 25 445 105
3050 223 25 461 105
3051 227 25 478 105
3052 231 26 495 105
3053 236 27 511 105
3054 239 27 528 105
3055 242 27 545 105
3056 246 27 562 105
3057 249 27 578 105
3058 250 27 685 105
3059 90 115 51 106
3060 89 116 68 106
3061 77 120 85 106
3062 64 123 101 106
3063 57 124 118 106
3064 50 124 135 106
3065 45 124 151 106
3066 39 123 168 106
3067 32 119 185 106
3068 23 111 202 106
3069 14 98 218 106
3070 6 85 234 106
3071 1 74 251 106
3072 0 69 268 106
3073 0 63 284 106
3074 5 57 301 106
3075 12 54 318 106
3076 18 52 334 106
3077 32 50 351 106
3078 45 49 368 106
3079 57 49 384 106
3080 67 49 402 106
3081 71 51 418 106
3082 75 52 435 106
3083 77 53 451 106
3084 75 53 523 106
3085 73 53 535 106
3086 68 49 551 106
3087 65 44 568 106
3088 63 37 584 106
3089 62 33 601 106
3090 62 28 618 106
3091 63 20 634 106
3092 65 15 651 106
3093 69 9 668 106
3094 74 3 684 106
3095 77 1 701 106
3096 80 1 718 106
3097 86 1 734 106
3098 96 1 751 106
3099 104 3 768 106
3100 108 5 784 106
3101 116 10 801 106
3102 124 16 818 106
3103 125 21 834 106
3104 125 27 851 106
3105 125 31 867 106
3106 125 32 885 106
3107 126 33 932 106
3108 128 32 948 106
3109 131 27 968 106
3110 136 20 985 106
3111 147 15 1001 106
3112 159 9 1018 106
3113 169 3 1034 106
3114 174 1 1051 106
3115 175 0 1068 106
3116 176 0 1084 106
3117 177 0 1101 106
3118 180 0 1118 106
3119 183 3 1134 106
3120 189 11 1151 106
3121 196 20 1168 106
3122 200 29 1184 106
3123 204 38 1201 106
3124 205 45 1218 106
3125 205 46 1234 106
3126 205 47 1252 106
3127 205 48 1277 106
3128 206 48 1293 106
3129 206 47 1301 106
3130 210 43 1318 106
3131 219 38 1335 106
3132 228 33 1352 106
3133 228 32 1368 106
3134 231 30 1385 106
3135 232 30 1401 106
3136 233 30 1418 106
3137 237 30 1434 106
3138 241 32 1451 106
3139 248 38 1468 106
3140 252 45 1484 106
3141 255 56 1501 106
3142 255 62 1518 106
3143 255 67 1534 106
3144 239 72 1551 106
3145 232 74 1568 106
3146 226 77 1584 106
3147 223 79 1601 106
3148 219 80 1618 106
3149 217 80 1634 106
3150 211 80 1651 106
3151 207 80 1668 106
3152 206 80 1684 106
3153 205 80 1701 106
3154 206 80 1772 106
3155 209 81 1784 106
3156 214 83 1801 106
3157 220 90 1818 106
3158 228 97 1834 106
3159 235 106 1851 106
3160 239 115 1867 106
3161 243 122 1884 106
3162 243 123 1901 106
3163 243 125 1918 106
3164 243 129 1934 106
3165 241 130 1951 106
3166 237 132 1968 106
3167 228 134 1984 106
3168 222 134 2001 106
3169 214 134 2018 106
3170 207 134 2034 106
3171 204 134 2051 106
3172 198 133 2068 106
3173 191 129 2085 106
3174 189 128 2101 106
3175 188 126 2117 106
3176 187 125 2134 106
3177 187 126 2269 106
3178 188 128 2285 106
3179 188 131 2301 106
3180 188 134 2318 106
3181 188 137 2334 106
3182 188 138 2351 106
3183 188 139 2372 106
3184 186 139 2428 106
3185 185 139 2436 106
3186 183 139 2451 106
3187 177 139 2467 106
3188 173 139 2484 106
3189 172 139 2501 106
3190 170 139 2517 106
3191 166 138 2534 106
3192 164 137 2550 106
3193 160 136 2568 106
3194 158 134 2585 106
3195 153 130 2601 106
3196 151 128 2757 106
3197 101 120 25 107
3198 103 124 42 107
3199 106 130 58 107
3200 108 137 75 107
3201 111 147 92 107
3202 114 158 109 107
3203 118 170 125 107
3204 121 183 142 107
3205 121 192 159 107
3206 121 204 176 107
3207 121 215 192 107
3208 121 222 209 107
3209 121 228 225 107
3210 121 232 241 107
3211 121 234 324 107
3212 148 130 13 108
3213 151 136 30 108
3214 155 147 47 108
3215 159 159 63 108
3216 163 171 80 108
3217 166 184 97 108
3218 172 196 114 108
3219 175 207 130 108
3220 181 217 147 108
3221 183 219 243 108
3222 70 226 17 109
3223 77 226 34 109
3224 89 226 51 109
3225 116 226 68 109
3226 141 226 85 109
3227 172 226 101 109
3228 199 226 118 109
3229 217 226 135 109
3230 232 226 151 109
3231 240 226 168 109
3232 244 227 184 109
3233 245 227 252 109
3234 69 0 13 110
3235 69 9 29 110
3236 67 22 46 110
3237 65 39 62 110
3238 56 70 79 110
3239 52 94 96 110
3240 48 115 112 110
3241 43 136 129 110
3242 43 158 146 110
3243 43 175 162 110
3244 43 184 179 110
3245 43 188 311 110
3246 40 185 18 111
3247 38 185 34 111
3248 36 185 51 111
3249 31 185 68 111
3250 30 185 84 111
3251 25 185 101 111
3252 22 185 118 111
3253 18 186 134 111
3254 16 189 151 111
3255 12 192 167 111
3256 8 197 184 111
3257 5 201 201 111
3258 3 206 218 111
3259 1 211 234 111
3260 1 217 251 111
3261 1 225 268 111
3262 1 232 285 111
3263 1 237 301 111
3264 1 242 318 111
3265 1 247 334 111
3266 1 249 351 111
3267 0 251 551 111
3268 9 251 18 112
3269 16 251 34 112
3270 23 252 51 112
3271 34 254 68 112
3272 40 254 84 112
3273 47 254 102 112
3274 53 254 118 112
3275 58 254 135 112
3276 62 254 151 112
3277 65 254 228 112
3278 54 181 37 113
3279 56 181 53 113
3280 57 181 61 113
3281 60 181 75 113
3282 62 183 92 113
3283 65 184 108 113
3284 70 189 125 113
3285 76 198 142 113
3286 80 203 158 113
3287 82 208 175 113
3288 83 212 192 113
3289 84 216 209 113
3290 85 220 226 113
3291 85 225 242 113
3292 84 230 258 113
3293 84 233 275 113
3294 83 238 292 113
3295 82 243 308 113
3296 79 247 325 113
3297 79 251 461 113
3298 12 203 12 114
3299 13 211 28 114
3300 13 220 45 114
3301 13 230 61 114
3302 13 237 79 114
3303 13 241 95 114
3304 13 242 156 114
3305 27 195 13 115
3306 27 198 29 115
3307 27 211 46 115
3308 27 220 62 115
3309 27 225 79 115
3310 27 228 150 115
3311 53 210 18 116
3312 56 228 34 116
3313 60 245 51 116
3314 60 252 67 116
3315 60 255 125 116
3316 82 212 15 117
3317 82 217 32 117
3318 82 224 49 117
3319 82 232 66 117
3320 82 237 82 117
3321 82 238 99 117
3322 82 239 119 117
3323 226 2 46 118
3324 227 3 63 118
3325 227 5 80 118
3326 228 8 97 118
3327 228 11 113 118
3328 228 14 130 118
3329 228 18 146 118
3330 228 21 163 118
3331 228 23 179 118
3332 228 27 196 118
3333 228 31 213 118
3334 227 34 230 118
3335 226 37 246 118
3336 225 40 263 118
3337 225 44 280 118
3338 224 47 296 118
3339 222 52 313 118
3340 221 56 330 118
3341 220 59 347 118
3342 220 61 363 118
3343 219 61 447 118
3344 227 0 109 119
3345 228 1 119 119
3346 228 3 130 119
3347 229 5 147 119
3348 232 8 163 119
3349 234 12 180 119
3350 234 17 196 119
3351 236 21 213 119
3352 237 24 229 119
3353 238 27 247 119
3354 238 30 263 119
3355 239 32 280 119
3356 239 33 296 119
3357 239 37 313 119
3358 239 40 330 119
3359 239 42 347 119
3360 239 43 363 119
3361 239 46 379 119
3362 239 48 396 119
3363 238 52 413 119
3364 237 54 430 119
3365 237 56 446 119
3366 237 58 463 119
3367 237 60 480 119
3368 236 61 497 119
3369 236 62 513 119
3370 236 63 530 119
3371 236 63 546 119
3372 236 64 563 119
3373 236 65 949 119
3374 236 65 85 120
3375 237 65 93 120
3376 237 65 105 120
3377 239 65 122 120
3378 240 65 139 120
3379 242 66 155 120
3380 243 66 172 120
3381 245 67 188 120
3382 247 68 206 120
3383 248 69 223 120
3384 251 70 239 120
3385 252 72 256 120
3386 254 73 272 120
3387 254 74 289 120
3388 255 75 305 120
3389 255 75 323 120
3390 255 76 339 120
3391 255 77 356 120
3392 255 77 372 120
3393 255 78 462 120
3394 254 79 36 121
3395 253 79 44 121
3396 253 79 54 121
3397 252 79 68 121
3398 247 79 84 121
3399 243 79 101 121
3400 238 79 118 121
3401 232 79 134 121
3402 226 79 151 121
3403 219 79 167 121
3404 210 79 184 121
3405 202 79 201 121
3406 197 79 217 121
3407 193 79 234 121
3408 190 79 251 121
3409 188 79 267 121
3410 188 79 380 121
3411 251 79 29 122
3412 251 79 53 122
3413 252 80 78 122
3414 252 81 109 122
3415 252 81 124 122
3416 252 82 140 122
3417 252 83 157 122
3418 252 84 174 122
3419 252 85 191 122
3420 252 85 207 122
3421 252 86 223 122
3422 251 87 241 122
3423 251 88 261 122
3424 251 89 274 122
3425 250 90 290 122
3426 249 90 307 122
3427 249 91 324 122
3428 248 91 340 122
3429 245 92 357 122
3430 243 93 374 122
3431 241 94 390 122
3432 239 95 407 122
3433 238 95 424 122
3434 236 95 441 122
3435 235 95 457 122
3436 233 95 473 122
3437 230 96 491 122
3438 228 96 507 122
3439 224 96 524 122
3440 222 96 541 122
3441 216 96 557 122
3442 213 96 574 122
3443 211 96 590 122
3444 209 96 607 122
3445 207 96 624 122
3446 205 96 641 122
3447 204 96 657 122
3448 202 96 674 122
3449 201 96 691 122
3450 199 96 707 122
3451 198 96 723 122
3452 196 96 740 122
3453 195 96 757 122
3454 195 96 797 122
3455 194 96 807 122
3456 194 96 836 122
3457 193 96 1198 122
3458 217 60 13 123
3459 217 60 38 123
3460 215 59 53 123
3461 215 59 93 123
3462 214 59 104 123
3463 214 58 120 123
3464 213 58 137 123
3465 213 58 154 123
3466 211 58 170 123
3467 210 58 187 123
3468 210 58 204 123
3469 209 58 220 123
3470 208 58 237 123
3471 207 58 253 123
3472 207 58 270 123
3473 205 58 287 123
3474 204 58 303 123
3475 204 58 320 123
3476 203 58 337 123
3477 202 58 354 123
3478 201 58 370 123
3479 200 58 387 123
3480 199 58 404 123
3481 198 58 420 123
3482 197 58 437 123
3483 195 57 453 123
3484 194 57 469 123
3485 194 57 486 123
3486 193 57 504 123
3487 192 57 520 123
3488 191 57 536 123
3489 190 57 553 123
3490 190 57 570 123
3491 189 57 587 123
3492 189 57 614 123
3493 188 57 621 123
3494 188 57 758 123
3495 187 57 77 124
3496 187 57 85 124
3497 186 56 108 124
3498 185 56 125 124
3499 184 55 141 124
3500 184 53 158 124
3501 183 53 181 124
3502 183 53 197 124
3503 182 53 221 124
3504 182 53 229 124
3505 181 53 241 124
3506 180 52 257 124
3507 179 52 277 124
3508 178 52 291 124
3509 177 51 308 124
3510 176 51 324 124
3511 174 51 341 124
3512 173 51 357 124
3513 171 51 375 124
3514 170 50 391 124
3515 169 50 408 124
3516 168 50 424 124
3517 167 50 441 124
3518 166 50 476 124
3519 166 50 501 124
3520 165 50 508 124
3521 165 50 524 124
3522 164 50 541 124
3523 164 50 574 124
3524 163 50 581 124
3525 160 50 608 124
3526 156 50 624 124
3527 153 51 641 124
3528 151 52 658 124
3529 150 52 674 124
3530 149 52 765 124
3531 149 52 780 124
3532 148 52 966 124
3533 148 52 69 125
3534 146 53 77 125
3535 146 53 89 125
3536 145 53 102 125
3537 144 53 118 125
3538 141 55 135 125
3539 138 55 152 125
3540 130 56 168 125
3541 122 56 185 125
3542 116 56 202 125
3543 109 56 218 125
3544 106 56 235 125
3545 103 56 252 125
3546 101 56 268 125
3547 98 56 285 125
3548 92 56 302 125
3549 86 56 318 125
3550 81 56 334 125
3551 76 56 352 125
3552 73 56 368 125
3553 70 56 385 125
3554 67 56 402 125
3555 64 56 418 125
3556 60 56 435 125
3557 57 56 451 125
3558 55 56 469 125
3559 53 56 484 125
3560 53 57 541 125
3561 52 57 551 125
3562 52 57 568 125
3563 51 57 621 125
3564 51 57 1004 125
3565 50 57 1037 125
3566 50 57 1051 125
3567 48 57 1068 125
3568 46 57 1084 125
3569 44 57 1101 125
3570 43 57 1118 125
3571 43 57 1135 125
3572 42 57 1152 125
3573 41 57 1168 125
3574 40 57 1185 125
3575 40 57 1301 125
3576 40 58 1324 125
3577 39 58 1335 125
3578 38 58 1357 125
3579 38 60 1373 125
3580 38 61 1389 125
3581 38 61 1401 125
3582 38 62 1417 125
3583 37 63 1434 125
3584 37 64 1451 125
3585 36 65 1468 125
3586 35 66 1484 125
3587 35 67 1501 125
3588 34 69 1517 125
3589 33 71 1534 125
3590 32 72 1551 125
3591 32 73 1568 125
3592 31 75 1584 125
3593 31 77 1601 125
3594 30 79 1618 125
3595 30 81 1634 125
3596 29 85 1651 125
3597 28 90 1668 125
3598 27 94 1684 125
3599 25 100 1701 125
3600 24 105 1717 125
3601 23 109 1735 125
3602 22 114 1751 125
3603 21 120 1768 125
3604 21 124 1784 125
3605 21 128 1801 125
3606 21 131 1818 125
3607 21 134 1835 125
3608 21 138 1851 125
3609 21 140 1867 125
3610 21 144 1885 125
3611 21 146 1901 125
3612 21 149 1918 125
3613 21 150 1934 125
3614 21 151 1952 125
3615 21 152 1967 125
3616 21 153 1985 125
3617 21 153 2001 125
3618 22 153 2018 125
3619 23 154 2034 125
3620 26 155 2051 125
3621 28 155 2068 125
3622 32 156 2084 125
3623 36 157 2101 125
3624 39 158 2117 125
3625 41 158 2134 125
3626 43 159 2151 125
3627 46 159 2167 125
3628 47 159 2185 125
3629 47 159 2201 125
3630 48 159 2218 125
3631 48 159 2301 125
3632 48 158 2318 125
3633 50 156 2335 125
3634 50 153 2351 125
3635 50 149 2368 125
3636 50 145 2384 125
3637 50 141 2401 125
3638 50 135 2418 125
3639 51 130 2434 125
3640 51 126 2451 125
3641 51 121 2467 125
3642 51 116 2484 125
3643 52 112 2501 125
3644 52 110 2518 125
3645 52 109 2534 125
3646 52 109 2597 125
3647 52 145 61 126
3648 52 145 70 126
3649 55 145 89 126
3650 57 145 106 126
3651 61 145 122 126
3652 65 145 140 126
3653 66 145 156 126
3654 67 145 173 126
3655 68 145 190 126
3656 68 145 207 126
3657 69 144 222 126
3658 70 143 240 126
3659 70 140 256 126
3660 72 136 273 126
3661 75 133 290 126
3662 76 129 306 126
3663 77 124 323 126
3664 79 120 339 126
3665 79 117 356 126
3666 82 112 372 126
3667 91 110 389 126
3668 94 105 405 126
3669 95 104 422 126
3670 95 102 439 126
3671 95 101 510 126
3672 95 101 526 126
3673 81 115 10 127
3674 82 116 27 127
3675 83 117 43 127
3676 85 119 61 127
3677 87 120 77 127
3678 91 121 94 127
3679 95 122 111 127
3680 98 122 128 127
3681 102 123 144 127
3682 106 123 161 127
3683 111 123 178 127
3684 118 123 195 127
3685 122 122 211 127
3686 126 122 227 127
3687 129 121 244 127
3688 132 120 261 127
3689 134 119 277 127
3690 138 117 294 127
3691 140 116 311 127
3692 142 116 327 127
3693 144 115 345 127
3694 145 115 361 127
3695 146 115 452 127
3696 146 108 29 128
3697 146 109 39 128
3698 146 113 56 128
3699 146 118 73 128
3700 145 126 89 128
3701 144 134 106 128
3702 144 140 122 128
3703 144 144 139 128
3704 144 146 156 128
3705 144 148 173 128
3706 144 149 189 128
3707 144 149 206 128
3708 145 149 222 128
3709 148 150 239 128
3710 150 151 256 128
3711 154 153 273 128
3712 160 153 289 128
3713 165 154 306 128
3714 166 154 323 128
3715 166 154 486 128
3716 163 126 5 129
3717 163 127 18 129
3718 163 128 36 129
3719 163 130 52 129
3720 164 133 69 129
3721 164 136 85 129
3722 165 141 102 129
3723 165 146 118 129
3724 165 149 136 129
3725 165 154 152 129
3726 165 156 168 129
3727 165 159 185 129
3728 165 160 202 129
3729 165 161 218 129
3730 166 161 235 129
3731 166 162 251 129
3732 167 163 269 129
3733 167 163 286 129
3734 168 163 302 129
3735 168 164 318 129
3736 169 164 335 129
3737 170 164 352 129
3738 172 164 368 129
3739 177 163 385 129
3740 187 161 402 129
3741 198 160 418 129
3742 207 158 435 129
3743 210 158 452 129
3744 211 158 468 129
3745 212 157 510 129
3746 212 156 533 129
3747 211 156 558 129
3748 211 155 568 129
3749 210 154 585 129
3750 210 152 602 129
3751 209 150 618 129
3752 207 147 635 129
3753 207 144 651 129
3754 207 141 669 129
3755 207 136 685 129
3756 205 133 701 129
3757 203 126 719 129
3758 201 122 735 129
3759 200 121 752 129
3760 199 117 768 129
3761 199 117 785 129
3762 199 115 801 129
3763 198 112 818 129
3764 197 111 835 129
3765 197 110 852 129
3766 195 108 868 129
3767 195 107 886 129
3768 194 106 901 129
3769 194 105 919 129
3770 194 105 935 129
3771 194 104 951 129
3772 192 102 968 129
3773 191 101 985 129
3774 191 99 1001 129
3775 191 98 1019 129
3776 191 97 1035 129
3777 191 96 1052 129
3778 191 96 1068 129
3779 191 95 1085 129
3780 191 95 1119 129
3781 165 59 22 130
3782 164 59 39 130
3783 163 60 55 130
3784 162 60 72 130
3785 161 60 89 130
3786 159 61 105 130
3787 158 61 122 130
3788 158 62 139 130
3789 158 63 155 130
3790 158 65 172 130
3791 158 67 189 130
3792 159 69 205 130
3793 160 70 222 130
3794 161 71 239 130
3795 162 72 256 130
3796 163 72 272 130
3797 164 72 289 130
3798 164 72 305 130
3799 165 72 322 130
3800 166 71 339 130
3801 167 71 356 130
3802 167 70 372 130
3803 167 68 388 130
3804 166 66 405 130
3805 166 65 422 130
3806 166 63 439 130
3807 165 63 455 130
3808 165 62 472 130
3809 165 62 564 130
3810 37 60 12 131
3811 36 60 25 131
3812 33 60 41 131
3813 31 60 58 131
3814 28 60 74 131
3815 25 60 91 131
3816 21 61 108 131
3817 18 63 125 131
3818 13 64 141 131
3819 9 66 158 131
3820 7 67 175 131
3821 5 67 192 131
3822 4 68 208 131
3823 3 70 225 131
3824 2 73 241 131
3825 2 78 258 131
3826 2 82 275 131
3827 1 87 291 131
3828 0 89 308 131
3829 0 90 381 131
3830 97 90 24 132
3831 92 92 40 132
3832 88 97 74 132
3833 88 99 107 132
3834 88 103 124 132
3835 88 112 140 132
3836 88 119 157 132
3837 88 125 173 132
3838 90 130 190 132
3839 95 134 207 132
3840 97 136 224 132
3841 101 136 240 132
3842 106 136 257 132
3843 110 136 273 132
3844 117 136 290 132
3845 121 134 306 132
3846 125 132 323 132
3847 130 130 340 132
3848 132 125 357 132
3849 136 121 373 132
3850 138 119 390 132
3851 141 114 407 132
3852 143 112 426 132
3853 145 110 443 132
3854 145 108 459 132
3855 145 106 475 132
3856 145 103 490 132
3857 143 97 507 132
3858 141 92 523 132
3859 136 88 540 132
3860 132 86 556 132
3861 127 81 573 132
3862 125 81 619 132
3863 121 81 635 132
3864 117 81 724 132
3865 73 0 9 133
3866 66 0 25 133
3867 55 7 43 133
3868 40 13 59 133
3869 29 20 75 133
3870 20 26 92 133
3871 11 35 109 133
3872 7 46 125 133
3873 4 57 142 133
3874 2 75 159 133
3875 0 90 175 133
3876 0 106 192 133
3877 0 125 209 133
3878 2 147 225 133
3879 7 167 242 133
3880 11 180 258 133
3881 18 193 275 133
3882 26 204 292 133
3883 40 215 308 133
3884 55 229 325 133
3885 75 235 342 133
3886 101 244 359 133
3887 121 246 375 133
3888 149 246 392 133
3889 171 246 409 133
3890 189 244 426 133
3891 209 242 442 133
3892 220 235 459 133
3893 229 229 475 133
3894 237 222 492 133
3895 244 211 508 133
3896 251 202 525 133
3897 253 187 542 133
3898 255 178 559 133
3899 255 165 575 133
3900 255 152 592 133
3901 253 138 609 133
3902 251 121 625 133
3903 248 112 642 133
3904 246 103 658 133
3905 240 92 676 133
3906 235 86 692 133
3907 229 79 709 133
3908 222 73 725 133
3909 218 68 742 133
3910 211 66 759 133
3911 204 62 776 133
3912 198 57 792 133
3913 187 51 809 133
3914 176 44 825 133
3915 167 42 841 133
3916 158 37 859 133
3917 152 35 875 133
3918 145 31 892 133
3919 143 31 908 133
3920 136 31 926 133
3921 136 29 1050 133
3922 18 4 41 134
3923 23 5 58 134
3924 31 9 74 134
3925 46 15 92 134
3926 61 18 108 134
3927 76 22 124 134
3928 98 26 141 134
3929 116 28 158 134
3930 132 30 175 134
3931 147 30 191 134
3932 162 30 208 134
3933 177 30 224 134
3934 190 30 242 134
3935 206 28 258 134
3936 217 26 275 134
3937 229 23 291 134
3938 237 22 308 134
3939 243 20 324 134
3940 244 20 469 134
3941 244 22 45 135
3942 244 26 53 135
3943 244 27 66 135
3944 244 32 79 135
3945 243 43 95 135
3946 242 55 112 135
3947 242 63 129 135
3948 240 72 145 135
3949 237 82 162 135
3950 237 88 178 135
3951 237 94 195 135
3952 236 104 212 135
3953 236 109 229 135
3954 236 121 245 135
3955 237 131 261 135
3956 240 140 279 135
3957 246 150 296 135
3958 248 158 312 135
3959 251 165 328 135
3960 255 169 345 135
3961 255 171 445 135
3962 251 171 8 136
3963 247 171 25 136
3964 244 171 41 136
3965 236 171 59 136
3966 227 171 76 136
3967 216 171 92 136
3968 205 171 108 136
3969 188 171 125 136
3970 178 171 142 136
3971 163 171 158 136
3972 144 171 175 136
3973 119 171 192 136
3974 93 171 208 136
3975 70 171 225 136
3976 49 171 242 136
3977 32 171 259 136
3978 22 171 275 136
3979 13 171 292 136
3980 9 171 308 136
3981 5 173 325 136
3982 3 174 342 136
3983 1 177 358 136
3984 0 179 376 136
3985 0 181 462 136
3986 1 182 11 137
3987 1 179 20 137
3988 3 178 37 137
3989 5 171 53 137
3990 7 165 70 137
3991 8 159 87 137
3992 11 150 104 137
3993 12 140 120 137
3994 13 125 137 137
3995 15 113 153 137
3996 18 100 170 137
3997 18 85 186 137
3998 18 78 203 137
3999 18 69 220 137
4000 18 59 237 137
4001 16 50 253 137
4002 13 38 270 137
4003 13 30 287 137
4004 13 22 304 137
4005 13 15 320 137
4006 13 9 337 137
4007 13 4 354 137
4008 13 1 370 137
4009 13 0 387 137
4010 12 0 444 137
4011 68 0 51 138
4012 68 4 67 138
4013 68 8 84 138
4014 68 13 100 138
4015 66 24 117 138
4016 64 31 134 138
4017 63 37 151 138
4018 60 40 167 138
4019 58 46 184 138
4020 55 51 200 138
4021 52 55 217 138
4022 47 62 234 138
4023 41 67 250 138
4024 36 71 267 138
4025 29 77 284 138
4026 25 83 300 138
4027 23 88 317 138
4028 20 92 334 138
4029 16 97 351 138
4030 13 101 367 138
4031 10 107 384 138
4032 8 113 400 138
4033 4 120 417 138
4034 1 126 434 138
4035 0 131 450 138
4036 0 137 467 138
4037 0 142 483 138
4038 0 146 501 138
4039 0 155 517 138
4040 2 159 534 138
4041 3 166 551 138
4042 5 172 568 138
4043 7 177 584 138
4044 8 182 601 138
4045 11 186 617 138
4046 14 189 634 138
4047 18 192 651 138
4048 22 195 668 138
4049 25 198 684 138
4050 29 201 701 138
4051 33 203 718 138
4052 39 207 734 138
4053 43 209 751 138
4054 45 211 767 138
4055 47 213 785 138
4056 50 215 801 138
4057 53 219 818 138
4058 55 223 834 138
4059 57 228 851 138
4060 59 233 868 138
4061 62 238 884 138
4062 65 242 900 138
4063 67 246 917 138
4064 69 250 934 138
4065 71 252 951 138
4066 73 254 967 138
4067 73 255 1126 138
4068 72 253 11 139
4069 72 251 27 139
4070 74 246 44 139
4071 76 242 60 139
4072 78 237 77 139
4073 79 234 94 139
4074 80 233 111 139
4075 82 229 128 139
4076 83 227 144 139
4077 85 225 161 139
4078 89 223 178 139
4079 93 221 194 139
4080 97 218 211 139
4081 98 216 227 139
4082 104 212 244 139
4083 106 209 261 139
4084 109 205 277 139
4085 112 202 294 139
4086 113 200 311 139
4087 115 197 327 139
4088 118 193 344 139
4089 122 189 360 139
4090 124 186 378 139
4091 124 182 395 139
4092 124 180 410 139
4093 124 175 427 139
4094 127 171 444 139
4095 128 167 460 139
4096 129 162 477 139
4097 129 155 493 139
4098 129 150 510 139
4099 129 144 528 139
4100 129 140 544 139
4101 129 135 560 139
4102 129 133 577 139
4103 129 128 594 139
4104 128 124 611 139
4105 126 120 627 139
4106 125 113 644 139
4107 125 112 660 139
4108 123 109 678 139
4109 121 105 694 139
4110 119 101 711 139
4111 117 97 728 139
4112 114 94 744 139
4113 112 89 760 139
4114 111 85 777 139
4115 110 83 794 139
4116 107 79 811 139
4117 104 75 828 139
4118 101 68 844 139
4119 99 66 861 139
4120 97 61 877 139
4121 96 58 894 139
4122 94 54 910 139
4123 93 52 927 139
4124 92 50 944 139
4125 91 46 961 139
4126 90 43 978 139
4127 88 39 994 139
4128 88 38 1011 139
4129 88 37 1027 139
4130 88 35 1044 139
4131 88 30 1061 139
4132 86 24 1077 139
4133 85 20 1094 139
4134 85 17 1111 139
4135 84 14 1128 139
4136 83 11 1144 139
4137 83 9 1161 139
4138 82 8 1177 139
4139 82 8 1269 139
4140 2 0 7 140
4141 8 0 23 140
4142 17 0 40 140
4143 31 0 57 140
4144 49 0 73 140
4145 71 0 90 140
4146 97 0 107 140
4147 131 0 123 140
4148 153 0 140 140
4149 170 0 157 140
4150 185 0 173 140
4151 194 0 190 140
4152 206 0 207 140
4153 219 0 223 140
4154 231 0 240 140
4155 243 0 256 140
4156 249 0 273 140
4157 252 0 290 140
4158 253 0 404 140
4159 254 1 24 141
4160 254 2 31 141
4161 254 7 43 141
4162 253 16 60 141
4163 249 32 76 141
4164 248 48 93 141
4165 248 63 112 141
4166 245 78 126 141
4167 245 95 142 141
4168 247 107 159 141
4169 247 114 176 141
4170 247 124 193 141
4171 247 134 209 141
4172 247 143 226 141
4173 247 153 243 141
4174 247 163 259 141
4175 247 173 276 141
4176 247 184 292 141
4177 247 190 310 141
4178 247 196 326 141
4179 248 197 391 141
4180 0 7 2 142
4181 0 10 10 142
4182 0 14 25 142
4183 0 25 41 142
4184 1 41 58 142
4185 6 65 75 142
4186 9 77 91 142
4187 11 88 108 142
4188 11 96 124 142
4189 14 107 141 142
4190 16 116 158 142
4191 17 125 175 142
4192 18 133 191 142
4193 19 141 208 142
4194 19 147 225 142
4195 19 154 241 142
4196 19 162 258 142
4197 19 173 275 142
4198 19 178 291 142
4199 19 181 308 142
4200 19 182 387 142
4201 48 187 7 143
4202 62 189 24 143
4203 74 192 40 143
4204 86 195 57 143
4205 103 197 73 143
4206 119 198 90 143
4207 135 198 107 143
4208 151 198 125 143
4209 172 198 140 143
4210 181 198 157 143
4211 193 198 173 143
4212 203 198 190 143
4213 215 198 206 143
4214 224 198 224 143
4215 230 198 240 143
4216 236 198 257 143
4217 239 197 273 143
4218 241 197 290 143
4219 244 197 306 143
4220 249 197 322 143
4221 253 197 340 143
4222 255 197 427 143
4223 29 25 14 144
4224 29 29 31 144
4225 29 35 47 144
4226 29 41 64 144
4227 29 46 81 144
4228 29 51 97 144
4229 29 56 114 144
4230 31 61 131 144
4231 29 68 147 144
4232 31 74 164 144
4233 32 78 181 144
4234 33 84 198 144
4235 34 90 214 144
4236 34 93 231 144
4237 34 97 247 144
4238 34 102 264 144
4239 34 105 280 144
4240 34 110 298 144
4241 34 113 314 144
4242 34 118 331 144
4243 34 122 349 144
4244 34 125 365 144
4245 34 129 381 144
4246 34 133 397 144
4247 34 137 414 144
4248 34 143 430 144
4249 34 146 447 144
4250 34 148 463 144
4251 34 151 480 144
4252 34 153 497 144
4253 34 155 607 144
4254 42 159 13 145
4255 48 160 31 145
4256 54 160 47 145
4257 62 162 63 145
4258 73 164 80 145
4259 83 165 97 145
4260 90 167 115 145
4261 96 167 130 145
4262 101 167 148 145
4263 103 167 164 145
4264 107 167 180 145
4265 111 167 197 145
4266 117 167 213 145
4267 122 167 231 145
4268 133 167 246 145
4269 139 167 264 145
4270 145 167 280 145
4271 150 167 297 145
4272 156 167 313 145
4273 163 167 330 145
4274 170 167 347 145
4275 175 167 363 145
4276 179 167 381 145
4277 184 167 397 145
4278 186 167 414 145
4279 190 167 430 145
4280 194 167 447 145
4281 196 167 464 145
4282 198 167 480 145
4283 199 167 498 145
4284 202 167 514 145
4285 206 167 531 145
4286 212 167 547 145
4287 219 167 564 145
4288 223 167 580 145
4289 226 167 598 145
4290 227 167 710 145
4291 227 22 36 146
4292 227 26 45 146
4293 227 32 57 146
4294 227 42 70 146
4295 227 53 87 146
4296 227 63 104 146
4297 227 76 120 146
4298 227 85 137 146
4299 227 91 154 146
4300 227 93 170 146
4301 227 96 187 146
4302 227 97 204 146
4303 227 99 220 146
4304 226 103 237 146
4305 226 107 254 146
4306 224 110 270 146
4307 223 113 287 146
4308 222 118 304 146
4309 222 120 321 146
4310 221 125 337 146
4311 221 126 354 146
4312 220 130 370 146
4313 220 134 387 146
4314 220 137 404 146
4315 220 139 421 146
4316 220 142 437 146
4317 220 143 454 146
4318 220 144 471 146
4319 220 146 487 146
4320 220 148 503 146
4321 220 151 520 146
4322 221 154 537 146
4323 221 156 553 146
4324 222 160 571 146
4325 222 162 586 146
4326 222 164 603 146
4327 222 165 620 146
4328 222 167 710 146
4329 31 14 22 147
4330 32 14 30 147
4331 33 14 45 147
4332 37 14 57 147
4333 41 14 74 147
4334 45 14 90 147
4335 52 14 107 147
4336 59 14 124 147
4337 67 14 141 147
4338 74 14 157 147
4339 79 14 174 147
4340 88 14 190 147
4341 94 14 207 147
4342 100 14 224 147
4343 102 14 241 147
4344 107 14 257 147
4345 109 14 274 147
4346 112 14 290 147
4347 114 14 307 147
4348 118 14 324 147
4349 121 14 340 147
4350 125 14 357 147
4351 129 14 373 147
4352 135 14 390 147
4353 138 14 406 147
4354 144 14 424 147
4355 146 14 440 147
4356 151 14 457 147
4357 153 14 474 147
4358 158 14 490 147
4359 161 14 507 147
4360 164 14 524 147
4361 170 14 541 147
4362 173 14 557 147
4363 178 14 574 147
4364 181 14 591 147
4365 184 14 607 147
4366 186 15 624 147
4367 187 15 641 147
4368 188 15 657 147
4369 190 16 685 147
4370 192 16 718 147
4371 193 16 733 147
4372 195 16 742 147
4373 195 17 757 147
4374 197 17 774 147
4375 201 18 791 147
4376 202 18 807 147
4377 205 18 824 147
4378 206 19 840 147
4379 207 19 857 147
4380 209 19 873 147
4381 211 19 890 147
4382 213 19 907 147
4383 214 19 958 147
4384 215 19 973 147
4385 216 19 990 147
4386 218 19 1007 147
4387 219 19 1024 147
4388 220 19 1046 147
4389 221 19 1182 147
4390 203 0 16 148
4391 175 0 32 148
4392 146 0 48 148
4393 115 0 65 148
4394 86 0 82 148
4395 61 5 99 148
4396 34 17 115 148
4397 18 25 132 148
4398 9 33 149 148
4399 3 42 165 148
4400 0 52 182 148
4401 0 60 199 148
4402 3 71 215 148
4403 7 77 232 148
4404 13 82 249 148
4405 25 89 265 148
4406 44 97 282 148
4407 88 106 298 148
4408 115 107 315 148
4409 144 107 332 148
4410 165 107 349 148
4411 177 103 365 148
4412 183 101 381 148
4413 187 98 399 148
4414 190 94 415 148
4415 190 93 431 148
4416 190 89 449 148
4417 187 86 466 148
4418 186 86 482 148
4419 182 84 498 148
4420 174 84 515 148
4421 167 84 531 148
4422 160 84 549 148
4423 145 84 565 148
4424 129 86 582 148
4425 114 89 599 148
4426 102 93 615 148
4427 95 95 632 148
4428 93 98 649 148
4429 88 102 665 148
4430 85 109 681 148
4431 82 116 698 148
4432 78 127 715 148
4433 78 133 732 148
4434 78 137 748 148
4435 80 144 765 148
4436 81 146 782 148
4437 81 148 799 148
4438 81 149 814 148
4439 85 152 831 148
4440 94 156 848 148
4441 101 157 865 148
4442 107 158 881 148
4443 116 161 898 148
4444 124 161 915 148
4445 129 161 932 148
4446 135 161 948 148
4447 139 160 965 148
4448 144 158 981 148
4449 145 158 998 148
4450 146 157 1014 148
4451 148 157 1031 148
4452 148 156 1082 148
4453 145 156 1098 148
4454 140 156 1115 148
4455 132 153 1131 148
4456 123 153 1148 148
4457 112 153 1164 148
4458 103 153 1181 148
4459 94 157 1198 148
4460 88 160 1215 148
4461 78 165 1231 148
4462 73 169 1248 148
4463 69 177 1265 148
4464 65 180 1282 148
4465 63 187 1298 148
4466 60 197 1315 148
4467 60 207 1332 148
4468 61 218 1348 148
4469 64 228 1365 148
4470 64 238 1381 148
4471 65 243 1398 148
4472 73 248 1415 148
4473 82 252 1431 148
4474 95 255 1448 148
4475 109 255 1465 148
4476 123 255 1482 148
4477 144 255 1498 148
4478 154 255 1515 148
4479 160 255 1531 148
4480 162 254 1548 148
4481 162 252 1578 148
4482 160 251 1604 148
4483 54 44 26 149
4484 54 39 42 149
4485 54 33 59 149
4486 55 25 76 149
4487 61 15 92 149
4488 68 7 109 149
4489 78 2 125 149
4490 83 0 142 149
4491 90 0 159 149
4492 96 2 175 149
4493 103 11 192 149
4494 111 17 209 149
4495 115 26 225 149
4496 117 32 242 149
4497 117 36 259 149
4498 118 39 275 149
4499 119 39 341 149
4500 123 34 358 149
4501 127 27 375 149
4502 130 19 391 149
4503 137 16 408 149
4504 141 14 425 149
4505 143 14 441 149
4506 145 14 458 149
4507 149 14 475 149
4508 155 18 491 149
4509 159 23 508 149
4510 164 32 525 149
4511 166 41 542 149
4512 166 47 558 149
4513 165 53 575 149
4514 163 59 592 149
4515 160 61 608 149
4516 159 61 625 149
4517 160 61 717 149
4518 164 62 725 149
4519 166 63 741 149
4520 171 65 758 149
4521 175 70 775 149
4522 181 78 792 149
4523 188 87 809 149
4524 188 96 825 149
4525 188 106 842 149
4526 188 116 859 149
4527 186 122 875 149
4528 180 127 892 149
4529 173 130 909 149
4530 161 132 925 149
4531 149 132 942 149
4532 141 131 958 149
4533 130 130 975 149
4534 123 128 992 149
4535 122 127 1038 149
4536 122 126 1070 149
4537 122 125 1078 149
4538 123 125 1136 149
4539 125 126 1151 149
4540 128 127 1158 149
4541 131 131 1175 149
4542 132 137 1192 149
4543 132 144 1209 149
4544 128 150 1225 149
4545 122 157 1242 149
4546 114 160 1258 149
4547 109 162 1275 149
4548 103 162 1292 149
4549 95 162 1309 149
4550 82 158 1325 149
4551 79 157 1341 149
4552 69 153 1358 149
4553 65 149 1375 149
4554 62 145 1391 149
4555 61 140 1408 149
4556 59 133 1424 149
4557 59 126 1441 149
4558 59 118 1459 149
4559 60 113 1475 149
4560 61 110 1491 149
4561 62 109 1508 149
4562 62 108 1525 149
4563 64 108 1549 149
4564 66 108 1565 149
4565 67 109 1575 149
4566 69 111 1591 149
4567 71 113 1608 149
4568 73 114 1625 149
4569 73 117 1641 149
4570 70 119 1658 149
4571 66 121 1675 149
4572 63 121 1692 149
4573 57 121 1708 149
4574 43 119 1725 149
4575 29 114 1741 149
4576 21 111 1758 149
4577 16 108 1775 149
4578 13 106 1792 149
4579 11 103 1808 149
4580 10 101 1825 149
4581 10 99 1841 149
4582 10 96 1858 149
4583 10 91 1875 149
4584 12 86 1892 149
4585 15 81 1908 149
4586 18 78 1925 149
4587 23 75 1941 149
4588 29 73 1958 149
4589 30 71 1975 149
4590 32 71 1992 149
4591 34 71 2008 149
4592 37 74 2025 149
4593 42 78 2042 149
4594 45 82 2059 149
4595 47 87 2075 149
4596 47 91 2092 149
4597 47 94 2108 149
4598 47 96 2125 149
4599 47 97 2142 149
4600 46 97 2159 149
4601 45 97 2182 149
4602 44 97 2192 149
4603 41 97 2208 149
4604 37 95 2225 149
4605 34 90 2242 149
4606 31 85 2258 149
4607 28 79 2275 149
4608 25 74 2292 149
4609 22 69 2308 149
4610 21 62 2324 149
4611 20 53 2342 149
4612 20 48 2358 149
4613 20 43 2375 149
4614 21 39 2392 149
4615 25 36 2408 149
4616 28 34 2424 149
4617 33 32 2441 149
4618 38 31 2458 149
4619 43 31 2474 149
4620 47 31 2491 149
4621 52 31 2508 149
4622 59 35 2525 149
4623 63 38 2541 149
4624 66 39 2558 149
4625 66 41 2654 149
4626 177 76 24 150
4627 178 75 31 150
4628 180 74 73 150
4629 182 73 88 150
4630 185 71 95 150
4631 188 71 109 150
4632 24 115 20 151
4633 192 68 125 150
4634 34 115 37 151
4635 197 66 142 150
4636 47 115 54 151
4637 200 65 158 150
4638 64 115 70 151
4639 204 64 175 150
4640 82 115 87 151
4641 205 63 192 150
4642 99 115 104 151
4643 209 62 296 150
4644 118 115 120 151
4645 132 115 137 151
4646 146 115 154 151
4647 221 43 13 152
4648 159 115 171 151
4649 220 43 29 152
4650 168 115 187 151
4651 220 44 45 152
4652 174 115 204 151
4653 217 45 64 152
4654 176 116 323 151
4655 214 49 78 152
4656 176 117 347 151
4657 213 50 94 152
4658 176 118 355 151
4659 211 57 111 152
4660 176 121 370 151
4661 210 60 128 152
4662 176 128 386 151
4663 210 64 144 152
4664 173 144 403 151
4665 210 68 161 152
4666 171 156 420 151
4667 210 71 178 152
4668 168 170 437 151
4669 210 77 194 152
4670 167 180 453 151
4671 211 79 210 152
4672 164 194 470 151
4673 213 82 228 152
4674 164 203 486 151
4675 217 83 244 152
4676 164 213 503 151
4677 221 85 261 152
4678 164 224 520 151
4679 224 85 277 152
4680 164 233 537 151
4681 227 85 294 152
4682 164 242 553 151
4683 232 85 310 152
4684 164 248 570 151
4685 237 85 327 152
4686 164 252 587 151
4687 243 85 343 152
4688 164 254 603 151
4689 246 82 361 152
4690 164 255 651 151
4691 251 78 378 152
4692 254 74 394 152
4693 255 68 411 152
4694 10 141 17 153
4695 255 64 427 152
4696 10 149 34 153
4697 255 61 443 152
4698 10 156 50 153
4699 254 53 460 152
4700 10 160 68 153
4701 253 49 477 152
4702 10 168 84 153
4703 252 48 493 152
4704 10 173 101 153
4705 251 46 510 152
4706 10 181 117 153
4707 248 44 527 152
4708 10 191 134 153
4709 243 42 544 152
4710 8 202 150 153
4711 241 39 560 152
4712 6 212 167 153
4713 240 39 577 152
4714 4 219 184 153
4715 238 39 594 152
4716 2 225 201 153
4717 235 39 611 152
4718 1 231 217 153
4719 233 39 627 152
4720 0 237 234 153
4721 229 39 644 152
4722 0 240 250 153
4723 228 41 686 152
4724 0 241 267 153
4725 0 242 307 153
4726 35 118 15 154
4727 1 243 317 153
4728 34 121 27 154
4729 4 244 334 153
4730 34 124 44 154
4731 10 245 350 153
4732 31 130 60 154
4733 19 246 367 153
4734 28 246 384 153
4735 28 137 77 154
4736 36 246 400 153
4737 26 142 94 154
4738 47 246 417 153
4739 20 156 111 154
4740 57 246 434 153
4741 15 168 127 154
4742 71 246 451 153
4743 9 176 144 154
4744 92 246 467 153
4745 3 181 160 154
4746 104 246 484 153
4747 1 184 177 154
4748 116 246 500 153
4749 0 185 263 154
4750 125 246 517 153
4751 132 246 534 153
4752 138 246 551 153
4753 161 127 14 155
4754 144 246 567 153
4755 163 128 31 155
4756 148 246 584 153
4757 165 129 46 155
4758 174 140 63 155
4759 152 246 601 153
4760 181 152 79 155
4761 153 246 617 153
4762 155 246 643 153
4763 189 164 96 155
4764 156 246 684 153
4765 196 176 113 155
4766 200 179 130 155
4767 202 181 207 155
4768 70 157 15 156
4769 66 156 31 156
4770 61 153 48 156
4771 59 153 65 156
4772 55 152 81 156
4773 54 152 98 156
4774 53 152 115 156
4775 51 152 131 156
4776 49 152 148 156
4777 47 153 166 156
4778 47 155 182 156
4779 45 156 198 156
4780 44 158 215 156
4781 43 160 232 156
4782 44 163 248 156
4783 44 168 265 156
4784 44 173 281 156
4785 44 180 298 156
4786 44 184 315 156
4787 44 189 332 156
4788 44 192 348 156
4789 44 194 365 156
4790 46 200 382 156
4791 47 203 398 156
4792 50 206 415 156
4793 53 209 432 156
4794 57 211 448 156
4795 63 212 465 156
4796 68 214 482 156
4797 74 215 498 156
4798 81 215 515 156
4799 86 215 532 156
4800 93 215 549 156
4801 97 214 565 156
4802 100 213 582 156
4803 102 212 599 156
4804 102 210 615 156
4805 102 205 632 156
4806 102 201 649 156
4807 102 195 665 156
4808 99 190 682 156
4809 98 187 699 156
4810 96 182 715 156
4811 95 179 732 156
4812 93 177 749 156
4813 91 173 765 156
4814 89 170 782 156
4815 88 170 799 156
4816 89 169 837 156
4817 88 168 848 156
4818 87 168 878 156
4819 86 168 910 156
4820 85 168 919 156
4821 149 105 86 157
4822 149 102 93 157
4823 148 97 106 157
4824 146 88 119 157
4825 142 74 136 157
4826 141 63 153 157
4827 139 50 169 157
4828 137 36 186 157
4829 135 24 202 157
4830 134 15 219 157
4831 134 8 235 157
4832 134 2 252 157
4833 134 1 268 157
4834 134 0 358 157
5759 79 44 24 191
5760 79 41 39 191
5761 81 39 55 191
5762 82 35 72 191
5763 83 30 88 191
5764 84 25 105 191
5765 84 22 121 191
5766 86 18 139 191
5767 87 14 155 191
5768 88 13 174 191
5769 88 13 214 191
5770 89 13 230 191
5771 91 12 238 191
5772 98 11 255 191
5773 107 9 272 191
5774 118 7 289 191
5775 128 5 305 191
5776 136 3 322 191
5777 147 3 338 191
5778 157 3 355 191
5779 168 3 371 191
5780 177 3 388 191
5781 183 3 405 191
5782 187 1 422 191
5783 190 1 438 191
5784 193 0 455 191
5785 194 0 471 191
5786 195 0 615 191
5787 195 0 623 191
5788 196 0 638 191
5789 199 4 655 191
5790 200 9 671 191
5791 202 13 689 191
5792 204 18 704 191
5793 206 22 722 191
5794 207 25 739 191
5795 207 27 755 191
5796 207 29 772 191
5797 208 29 788 191
5798 208 30 805 191
5799 208 31 822 191
5800 208 32 838 191
5801 208 34 855 191
5802 209 36 872 191
5803 209 37 889 191
5804 209 38 1031 191
5805 209 39 15 192
5806 210 39 39 192
5807 211 39 56 192
5808 214 39 72 192
5809 217 39 89 192
5810 220 39 105 192
5811 223 39 123 192
5812 225 39 139 192
5813 228 39 156 192
5814 231 39 173 192
5815 233 39 189 192
5816 235 39 206 192
5817 239 39 223 192
5818 242 39 239 192
5819 245 39 256 192
5820 247 39 272 192
5821 249 39 289 192
5822 249 39 306 192
5823 250 39 414 192
5824 251 39 431 192
5825 251 40 439 192
5826 252 43 461 192
5827 254 47 472 192
5828 254 51 491 192
5829 254 53 505 192
5830 254 56 522 192
5831 254 59 539 192
5832 254 62 556 192
5833 254 65 572 192
5834 254 69 589 192
5835 254 72 606 192
5836 254 77 622 192
5837 254 79 639 192
5838 255 81 655 192
5839 255 83 672 192
5840 255 84 688 192
5841 255 86 706 192
5842 255 86 781 192
5843 254 86 814 192
5844 254 86 822 192
5845 251 86 838 192
5846 249 86 855 192
5847 246 86 872 192
5848 242 86 889 192
5849 236 86 906 192
5850 232 86 922 192
5851 228 86 939 192
5852 226 86 956 192
5853 225 86 972 192
5854 225 86 989 192
5855 224 86 1006 192
5856 223 87 1022 192
5857 223 87 1102 192
5858 222 87 1127 192
5859 221 87 1159 192
5860 218 87 61 193
5861 218 86 77 193
5862 218 84 94 193
5863 221 81 110 193
5864 221 79 127 193
5865 220 77 144 193
5866 219 75 160 193
5867 217 74 177 193
5868 216 73 196 193
5869 214 73 211 193
5870 213 72 227 193
5871 211 71 244 193
5872 210 71 262 193
5873 209 71 277 193
5874 207 71 294 193
5875 206 71 311 193
5876 204 71 327 193
5877 201 72 343 193
5878 199 72 360 193
5879 195 73 377 193
5880 192 74 394 193
5881 188 76 410 193
5882 187 78 427 193
5883 185 81 443 193
5884 183 83 460 193
5885 182 85 477 193
5886 182 86 494 193
5887 182 88 510 193
5888 183 89 598 193
5889 182 89 37 194
5890 181 89 50 194
5891 179 89 66 194
5892 175 89 83 194
5893 169 89 100 194
5894 162 89 116 194
5895 154 89 133 194
5896 141 89 149 194
5897 138 89 166 194
5898 137 89 183 194
5899 134 89 199 194
5900 129 89 216 194
5901 126 89 233 194
5902 121 89 251 194
5903 118 89 267 194
5904 115 89 287 194
5905 114 89 300 194
5906 113 89 357 194
5907 112 89 390 194
5908 114 84 102 195
5909 113 84 109 195
5910 112 83 123 195
5911 112 83 135 195
5912 111 82 152 195
5913 110 81 168 195
5914 108 80 185 195
5915 106 78 209 195
5916 105 77 218 195
5917 102 75 240 195
5918 99 74 252 195
5919 97 73 268 195
5920 94 72 287 195
5921 91 71 302 195
5922 88 71 319 195
5923 86 71 335 195
5924 82 71 353 195
5925 75 71 368 195
5926 66 73 385 195
5927 57 74 401 195
5928 51 77 418 195
5929 48 79 435 195
5930 46 80 451 195
5931 45 81 468 195
5932 45 81 485 195
5933 45 84 501 195
5934 45 84 518 195
5935 46 86 535 195
5936 47 86 552 195
5937 48 86 574 195
5938 48 86 585 195
5939 49 86 602 195
5940 49 86 750 195
5941 49 86 64 196
5942 48 86 72 196
5943 47 86 85 196
5944 44 86 97 196
5945 39 86 114 196
5946 30 86 130 196
5947 21 86 147 196
5948 12 86 164 196
5949 8 86 181 196
5950 6 86 280 196
5951 5 86 14 197
5952 5 86 38 197
5953 5 85 47 197
5954 5 84 64 197
5955 5 81 80 197
5956 5 75 97 197
5957 4 69 113 197
5958 3 63 130 197
5959 2 58 147 197
5960 1 53 163 197
5961 1 51 180 197
5962 0 49 197 197
5963 0 48 214 197
5964 0 46 230 197
5965 0 46 255 197
5966 7 39 8 198
5967 10 39 25 198
5968 13 39 42 198
5969 18 39 58 198
5970 25 39 75 198
5971 32 39 92 198
5972 37 39 108 198
5973 42 39 125 198
5974 47 39 142 198
5975 52 39 158 198
5976 59 39 175 198
5977 63 39 192 198
5978 65 39 208 198
5979 69 38 225 198
5980 70 37 242 198
5981 70 37 311 198
5982 0 104 49 199
5983 7 106 65 199
5984 17 106 82 199
5985 28 106 98 199
5986 45 106 115 199
5987 63 106 133 199
5988 86 106 148 199
5989 109 106 166 199
5990 129 106 181 199
5991 136 106 198 199
5992 146 104 215 199
5993 151 101 232 199
5994 156 96 248 199
5995 163 90 265 199
5996 167 81 282 199
5997 170 72 299 199
5998 173 62 315 199
5999 175 53 332 199
6000 175 46 349 199
6001 175 36 365 199
6002 173 28 382 199
6003 169 22 398 199
6004 164 17 416 199
6005 161 11 432 199
6006 156 7 449 199
6007 151 4 465 199
6008 147 2 482 199
6009 143 1 498 199
6010 139 0 516 199
6011 133 0 532 199
6012 120 1 548 199
6013 104 4 565 199
6014 93 8 581 199
6015 86 12 598 199
6016 81 16 615 199
6017 77 21 632 199
6018 73 28 648 199
6019 70 36 665 199
6020 69 44 682 199
6021 67 51 698 199
6022 67 57 715 199
6023 67 64 732 199
6024 70 70 749 199
6025 75 80 765 199
6026 80 86 782 199
6027 85 91 798 199
6028 91 93 815 199
6029 101 96 831 199
6030 112 99 848 199
6031 125 104 865 199
6032 139 106 882 199
6033 155 109 898 199
6034 170 109 915 199
6035 187 109 931 199
6036 205 109 948 199
6037 224 109 965 199
6038 249 109 982 199
6039 255 109 1117 199
6040 25 105 55 200
6041 25 104 78 200
6042 25 104 88 200
6043 25 101 105 200
6044 25 98 122 200
6045 25 96 139 200
6046 25 93 155 200
6047 24 91 172 200
6048 23 88 188 200
6049 23 85 204 200
6050 22 85 221 200
6051 22 84 327 200
6052 23 84 351 200
6053 25 84 359 200
6054 26 84 372 200
6055 29 84 388 200
6056 32 84 405 200
6057 35 84 422 200
6058 38 84 439 200
6059 42 84 455 200
6060 43 84 472 200
6061 46 84 488 200
6062 49 84 505 200
6063 51 84 521 200
6064 51 84 538 200
6065 53 84 555 200
6066 56 84 571 200
6067 57 84 589 200
6068 59 84 605 200
6069 59 84 622 200
6070 60 84 663 200
6071 61 85 679 200
6072 61 85 688 200
6073 62 87 704 200
6074 63 88 722 200
6075 63 92 738 200
6076 64 96 755 200
6077 64 100 771 200
6078 64 103 788 200
6079 64 106 805 200
6080 64 107 903 200
